********************************************************************************
STREME - Sensitive, Thorough, Rapid, Enriched Motif Elicitation
********************************************************************************
MEME version 5.5.8 (Release date: Thu May 15 15:01:46 2025 -0700)

For further information on how to interpret these results please access https://meme-suite.org/meme.
To get a copy of the MEME Suite software please access https://meme-suite.org.

********************************************************************************


********************************************************************************
REFERENCE
********************************************************************************
If you use this program in your research, please cite:

Timothy L. Bailey,
"STREME: accurate and versatile sequence motif discovery",
Bioinformatics, Mar. 24, 2021.
********************************************************************************


ALPHABET= ACGT

strands: + -

Background letter frequencies
A 0.277 C 0.223 G 0.223 T 0.277 

MOTIF 1-CTGGCAAAADA STREME-1
letter-probability matrix: alength= 4 w= 11 nsites= 2165 E= 2.3e-003
 0.127873 0.651198 0.209676 0.011253
 0.155109 0.035951 0.041440 0.767500
 0.029821 0.008809 0.916145 0.045225
 0.108704 0.000016 0.869525 0.021755
 0.053070 0.695485 0.101055 0.150390
 0.537771 0.001026 0.218926 0.242277
 0.654438 0.027296 0.270720 0.047546
 0.693171 0.126990 0.079147 0.100691
 0.487323 0.171815 0.222263 0.118600
 0.449677 0.065559 0.257487 0.227277
 0.565840 0.133313 0.072345 0.228503

MOTIF 2-CAWCACY STREME-2
letter-probability matrix: alength= 4 w= 7 nsites= 794 E= 1.0e-001
 0.000416 0.998835 0.000334 0.000416
 0.693578 0.000334 0.000334 0.305755
 0.345338 0.095970 0.000334 0.558359
 0.000416 0.998835 0.000334 0.000416
 0.601706 0.164344 0.000334 0.233616
 0.000416 0.998835 0.000334 0.000416
 0.000416 0.644359 0.000334 0.354892

MOTIF 3-AAAGCGTAR STREME-3
letter-probability matrix: alength= 4 w= 9 nsites= 209 E= 2.4e-001
 0.660844 0.000307 0.073436 0.265413
 0.552993 0.000307 0.215358 0.231343
 0.979890 0.000307 0.019421 0.000382
 0.000382 0.000307 0.998928 0.000382
 0.113167 0.663620 0.032149 0.191063
 0.000382 0.000307 0.998928 0.000382
 0.000382 0.000307 0.000307 0.999004
 0.999004 0.000307 0.000307 0.000382
 0.362589 0.000307 0.514170 0.122933

MOTIF 4-CGACAA STREME-4
letter-probability matrix: alength= 4 w= 6 nsites= 2178 E= 4.8e-001
 0.000424 0.998811 0.000341 0.000424
 0.182956 0.000341 0.816279 0.000424
 0.703026 0.000341 0.264016 0.032617
 0.000424 0.915924 0.000341 0.083311
 0.883950 0.000341 0.081207 0.034502
 0.939440 0.000341 0.000341 0.059879

MOTIF 5-AAATAAACCAG STREME-5
letter-probability matrix: alength= 4 w= 11 nsites= 36 E= 1.2e+000
 0.881293 0.001229 0.039467 0.078012
 0.996013 0.001229 0.001229 0.001530
 0.996013 0.001229 0.001229 0.001530
 0.001530 0.001229 0.039467 0.957775
 0.690013 0.077711 0.001229 0.231048
 0.996013 0.001229 0.001229 0.001530
 0.996013 0.001229 0.001229 0.001530
 0.001530 0.995712 0.001229 0.001530
 0.001530 0.880980 0.115961 0.001530
 0.957775 0.001229 0.001229 0.039768
 0.001530 0.001229 0.919230 0.078012

MOTIF 6-CTTCCRGC STREME-6
letter-probability matrix: alength= 4 w= 8 nsites= 223 E= 2.1e+000
 0.000547 0.998466 0.000440 0.000547
 0.138991 0.000440 0.104507 0.756063
 0.000547 0.035216 0.000440 0.963797
 0.000547 0.998466 0.000440 0.000547
 0.000547 0.998466 0.000440 0.000547
 0.404075 0.082034 0.513343 0.000547
 0.000547 0.096495 0.902410 0.000547
 0.040620 0.811053 0.000440 0.147887

MOTIF 7-AGGGGGCCAT STREME-7
letter-probability matrix: alength= 4 w= 10 nsites= 28 E= 2.5e+000
 0.995855 0.001277 0.001277 0.001590
 0.041345 0.001277 0.955788 0.001590
 0.001590 0.001277 0.995542 0.001590
 0.041345 0.001277 0.955788 0.001590
 0.319797 0.001277 0.677335 0.001590
 0.001590 0.001277 0.955788 0.041345
 0.001590 0.995542 0.001277 0.001590
 0.001590 0.955788 0.001277 0.041345
 0.995855 0.001277 0.001277 0.001590
 0.001590 0.001277 0.319484 0.677648

MOTIF 8-CCGCCATC STREME-8
letter-probability matrix: alength= 4 w= 8 nsites= 22 E= 2.5e+000
 0.025209 0.929336 0.020245 0.025209
 0.025209 0.929336 0.020245 0.025209
 0.025209 0.020245 0.929336 0.025209
 0.025209 0.929336 0.020245 0.025209
 0.025209 0.929336 0.020245 0.025209
 0.934300 0.020245 0.020245 0.025209
 0.025209 0.020245 0.020245 0.934300
 0.025209 0.929336 0.020245 0.025209

MOTIF 9-GGTAAAA STREME-9
letter-probability matrix: alength= 4 w= 7 nsites= 383 E= 2.6e+000
 0.019998 0.000625 0.978598 0.000778
 0.000778 0.138565 0.859878 0.000778
 0.000778 0.000625 0.054793 0.943803
 0.890482 0.014616 0.094123 0.000778
 0.893545 0.002687 0.099516 0.004252
 0.738439 0.084646 0.156679 0.020236
 0.860373 0.022433 0.095415 0.021779

MOTIF 10-CGCATTATM STREME-10
letter-probability matrix: alength= 4 w= 9 nsites= 140 E= 3.3e+000
 0.000552 0.921346 0.077550 0.000552
 0.000552 0.028056 0.727770 0.243622
 0.000552 0.828818 0.170077 0.000552
 0.998561 0.000444 0.000444 0.000552
 0.000552 0.181883 0.000444 0.817122
 0.000552 0.000444 0.000444 0.998561
 0.998561 0.000444 0.000444 0.000552
 0.000552 0.000444 0.028056 0.970949
 0.475283 0.251019 0.100141 0.173556

MOTIF 11-AGTATAGCM STREME-11
letter-probability matrix: alength= 4 w= 9 nsites= 70 E= 3.6e+000
 0.956236 0.020147 0.023077 0.000540
 0.000540 0.116593 0.882328 0.000540
 0.097782 0.136668 0.023077 0.742473
 0.998593 0.000433 0.000433 0.000540
 0.000540 0.000433 0.000433 0.998593
 0.956176 0.000433 0.000433 0.042957
 0.000540 0.073516 0.925404 0.000540
 0.063885 0.641552 0.083330 0.211233
 0.428056 0.281470 0.162883 0.127591

MOTIF 12-CATTAWC STREME-12
letter-probability matrix: alength= 4 w= 7 nsites= 221 E= 4.4e+000
 0.001070 0.997000 0.000859 0.001070
 0.997211 0.000859 0.000859 0.001070
 0.001070 0.047045 0.000859 0.951025
 0.001070 0.000859 0.000859 0.997211
 0.997211 0.000859 0.000859 0.001070
 0.488406 0.039682 0.196090 0.275822
 0.001070 0.997000 0.000859 0.001070

MOTIF 13-GACGATCAC STREME-13
letter-probability matrix: alength= 4 w= 9 nsites= 29 E= 5.0e+000
 0.002018 0.001621 0.994343 0.002018
 0.994741 0.001621 0.001621 0.002018
 0.002018 0.994343 0.001621 0.002018
 0.002018 0.001621 0.768455 0.227906
 0.994741 0.001621 0.001621 0.002018
 0.002018 0.001621 0.001621 0.994741
 0.002018 0.994343 0.001621 0.002018
 0.732761 0.052063 0.001621 0.213556
 0.002018 0.994343 0.001621 0.002018

MOTIF 14-CGCCGGAGC STREME-14
letter-probability matrix: alength= 4 w= 9 nsites= 37 E= 7.5e+000
 0.013678 0.739283 0.000814 0.246225
 0.254363 0.000814 0.743810 0.001013
 0.001013 0.971830 0.000814 0.026343
 0.001013 0.997159 0.000814 0.001013
 0.001013 0.000814 0.997159 0.001013
 0.001013 0.000814 0.794473 0.203700
 0.997359 0.000814 0.000814 0.001013
 0.001013 0.000814 0.997159 0.001013
 0.055285 0.824384 0.093988 0.026343

MOTIF 15-ATAGTTGACWAT STREME-15
letter-probability matrix: alength= 4 w= 12 nsites= 36 E= 1.0e+001
 0.996855 0.000969 0.000969 0.001207
 0.001207 0.000969 0.000969 0.996855
 0.996855 0.000969 0.000969 0.001207
 0.001207 0.031135 0.966452 0.001207
 0.001207 0.061305 0.000969 0.936519
 0.001207 0.000969 0.000969 0.996855
 0.272715 0.031135 0.694944 0.001207
 0.815843 0.000969 0.000969 0.182218
 0.091708 0.725109 0.031135 0.152048
 0.393494 0.151801 0.121645 0.333060
 0.846023 0.151801 0.000969 0.001207
 0.031372 0.000969 0.000969 0.966689

MOTIF 16-AGAGAGCAATG STREME-16
letter-probability matrix: alength= 4 w= 11 nsites= 27 E= 1.0e+001
 0.956091 0.001278 0.041041 0.001591
 0.001591 0.001278 0.995541 0.001591
 0.956091 0.001278 0.041041 0.001591
 0.120899 0.001278 0.836469 0.041354
 0.916327 0.041041 0.041041 0.001591
 0.081118 0.001278 0.916014 0.001591
 0.001591 0.955778 0.041041 0.001591
 0.956091 0.001278 0.001278 0.041354
 0.637885 0.239950 0.001278 0.120887
 0.001591 0.080804 0.279714 0.637891
 0.001591 0.001278 0.995541 0.001591

MOTIF 17-ATATTCCGCA STREME-17
letter-probability matrix: alength= 4 w= 10 nsites= 48 E= 1.2e+001
 0.974094 0.024214 0.000754 0.000939
 0.024399 0.000754 0.000754 0.974094
 0.659224 0.010489 0.165051 0.165236
 0.000939 0.047678 0.000754 0.950630
 0.024399 0.000754 0.000754 0.974094
 0.040311 0.934005 0.024214 0.001471
 0.024399 0.809656 0.094616 0.071330
 0.094790 0.094601 0.770298 0.040311
 0.024399 0.934537 0.040126 0.000939
 0.974094 0.000754 0.000754 0.024399

MOTIF 18-GATGAAAAATW STREME-18
letter-probability matrix: alength= 4 w= 11 nsites= 68 E= 1.2e+001
 0.000587 0.000472 0.998353 0.000587
 0.813299 0.029844 0.000472 0.156386
 0.100900 0.000472 0.132655 0.765974
 0.000587 0.000472 0.998353 0.000587
 0.954408 0.000472 0.000472 0.044649
 0.728022 0.220768 0.050622 0.000587
 0.860210 0.000472 0.065307 0.074011
 0.925032 0.000472 0.073909 0.000587
 0.807538 0.191403 0.000472 0.000587
 0.142728 0.147335 0.065305 0.644632
 0.336480 0.029841 0.029844 0.603835

MOTIF 19-AACACCCTG STREME-19
letter-probability matrix: alength= 4 w= 9 nsites= 39 E= 1.2e+001
 0.896652 0.000959 0.051077 0.051312
 0.831386 0.150319 0.017100 0.001195
 0.001195 0.996651 0.000959 0.001195
 0.978743 0.006710 0.000959 0.013587
 0.001195 0.996651 0.000959 0.001195
 0.001195 0.966788 0.000959 0.031057
 0.120673 0.877173 0.000959 0.001195
 0.120673 0.000959 0.060690 0.817678
 0.031057 0.060690 0.762747 0.145506

MOTIF 20-CTTTGCTTTTA STREME-20
letter-probability matrix: alength= 4 w= 11 nsites= 51 E= 1.5e+001
 0.000796 0.798719 0.199689 0.000796
 0.000796 0.000639 0.000639 0.997925
 0.020699 0.320975 0.000639 0.657686
 0.020699 0.000639 0.000639 0.978022
 0.000796 0.301076 0.697332 0.000796
 0.000796 0.997768 0.000639 0.000796
 0.020699 0.000639 0.000639 0.978022
 0.120234 0.000639 0.000639 0.878487
 0.239654 0.000639 0.100153 0.659553
 0.093907 0.139968 0.000639 0.765486
 0.710966 0.199713 0.000639 0.088681

MOTIF 21-GAAGGTGCGA STREME-21
letter-probability matrix: alength= 4 w= 10 nsites= 27 E= 2.0e+001
 0.002204 0.001770 0.993823 0.002204
 0.884074 0.001770 0.001770 0.112386
 0.994256 0.001770 0.001770 0.002204
 0.002204 0.001770 0.993823 0.002204
 0.002204 0.001770 0.993823 0.002204
 0.002204 0.001770 0.056857 0.939169
 0.002204 0.056857 0.938735 0.002204
 0.112386 0.883640 0.001770 0.002204
 0.002204 0.001770 0.993823 0.002204
 0.939169 0.001770 0.001770 0.057291

MOTIF 22-CAGACTCATCAD STREME-22
letter-probability matrix: alength= 4 w= 12 nsites= 32 E= 2.0e+001
 0.001591 0.796680 0.001278 0.200451
 0.797000 0.001278 0.160362 0.041361
 0.001591 0.041047 0.955771 0.001591
 0.995853 0.001278 0.001278 0.001591
 0.001591 0.916001 0.080817 0.001591
 0.120900 0.001278 0.001278 0.876545
 0.081130 0.836456 0.080823 0.001591
 0.637922 0.080817 0.080817 0.200445
 0.001591 0.041047 0.001278 0.956084
 0.001591 0.916001 0.080817 0.001591
 0.916314 0.041047 0.041047 0.001591
 0.359529 0.041047 0.398979 0.200445

MOTIF 23-CAGTTCCAGTT STREME-23
letter-probability matrix: alength= 4 w= 11 nsites= 22 E= 2.0e+001
 0.002205 0.883588 0.112002 0.002205
 0.828911 0.112002 0.056882 0.002205
 0.057316 0.001771 0.938708 0.002205
 0.002205 0.001771 0.001771 0.994254
 0.112436 0.001771 0.001771 0.884022
 0.002205 0.993820 0.001771 0.002205
 0.057316 0.883597 0.056882 0.002205
 0.828911 0.001771 0.056882 0.112436
 0.057316 0.001771 0.938708 0.002205
 0.057316 0.056882 0.001771 0.884031
 0.002205 0.001771 0.001771 0.994254

MOTIF 24-CCTGACGGTAT STREME-24
letter-probability matrix: alength= 4 w= 11 nsites= 29 E= 2.0e+001
 0.112003 0.885340 0.001184 0.001474
 0.001474 0.885340 0.111713 0.001474
 0.148841 0.038021 0.038021 0.775117
 0.001474 0.001184 0.885340 0.112003
 0.922479 0.074864 0.001184 0.001474
 0.185667 0.811676 0.001184 0.001474
 0.001474 0.074858 0.885357 0.038311
 0.185672 0.111713 0.701141 0.001474
 0.001474 0.001184 0.001184 0.996159
 0.811961 0.074864 0.111702 0.001474
 0.001474 0.295906 0.001184 0.701437

MOTIF 25-AGGTACGAACGC STREME-25
letter-probability matrix: alength= 4 w= 12 nsites= 21 E= 2.0e+001
 0.994826 0.001594 0.001594 0.001985
 0.101240 0.001594 0.895180 0.001985
 0.001985 0.051218 0.944812 0.001985
 0.001985 0.001594 0.150465 0.845955
 0.994826 0.001594 0.001594 0.001985
 0.001985 0.944812 0.051218 0.001985
 0.101240 0.001594 0.795925 0.101240
 0.845948 0.001594 0.150473 0.001985
 0.945202 0.001594 0.051218 0.001985
 0.001985 0.895180 0.100849 0.001985
 0.001985 0.001594 0.944812 0.051609
 0.001985 0.994435 0.001594 0.001985

MOTIF 26-TCCAGAGTC STREME-26
letter-probability matrix: alength= 4 w= 9 nsites= 23 E= 2.0e+001
 0.001889 0.021117 0.001517 0.975477
 0.152721 0.843873 0.001517 0.001889
 0.143597 0.833397 0.021117 0.001889
 0.711660 0.001517 0.143225 0.143597
 0.001889 0.001517 0.994704 0.001889
 0.995076 0.001517 0.001517 0.001889
 0.001889 0.001517 0.994704 0.001889
 0.001889 0.001517 0.001517 0.995076
 0.001889 0.994704 0.001517 0.001889

MOTIF 27-AGCGACGCCAG STREME-27
letter-probability matrix: alength= 4 w= 11 nsites= 18 E= 2.0e+001
 0.993118 0.002121 0.002121 0.002641
 0.002641 0.068127 0.860585 0.068647
 0.068647 0.926591 0.002121 0.002641
 0.002641 0.002121 0.992598 0.002641
 0.993118 0.002121 0.002121 0.002641
 0.002641 0.992598 0.002121 0.002641
 0.134664 0.002121 0.860575 0.002641
 0.002641 0.992598 0.002121 0.002641
 0.002641 0.992598 0.002121 0.002641
 0.993118 0.002121 0.002121 0.002641
 0.002641 0.068127 0.926591 0.002641

MOTIF 28-CACGGTCTGAT STREME-28
letter-probability matrix: alength= 4 w= 11 nsites= 18 E= 2.0e+001
 0.002333 0.993460 0.001874 0.002333
 0.993919 0.001874 0.001874 0.002333
 0.002333 0.935141 0.001874 0.060652
 0.002333 0.001874 0.818476 0.177317
 0.002333 0.001874 0.993460 0.002333
 0.060652 0.001874 0.001874 0.935600
 0.002333 0.993460 0.001874 0.002333
 0.002333 0.001874 0.001874 0.993919
 0.002333 0.001874 0.993460 0.002333
 0.877272 0.001874 0.001874 0.118980
 0.177317 0.118521 0.001874 0.702288

MOTIF 29-AACTAGTATTAA STREME-29
letter-probability matrix: alength= 4 w= 12 nsites= 16 E= 2.0e+001
 0.992070 0.002444 0.002444 0.003043
 0.992070 0.002444 0.002444 0.003043
 0.231247 0.763266 0.002444 0.003043
 0.003043 0.002444 0.002444 0.992070
 0.992070 0.002444 0.002444 0.003043
 0.003043 0.002444 0.839346 0.155167
 0.079099 0.002444 0.002444 0.916014
 0.992070 0.002444 0.002444 0.003043
 0.003043 0.002444 0.002444 0.992070
 0.003043 0.002444 0.002444 0.992070
 0.992070 0.002444 0.002444 0.003043
 0.992070 0.002444 0.002444 0.003043

MOTIF 30-ATAGCCAT STREME-30
letter-probability matrix: alength= 4 w= 8 nsites= 75 E= 2.5e+001
 0.898419 0.015476 0.084721 0.001385
 0.001385 0.001112 0.001112 0.996391
 0.996391 0.001112 0.001112 0.001385
 0.001385 0.001112 0.996119 0.001385
 0.102029 0.882613 0.001112 0.014245
 0.001385 0.961506 0.001112 0.035997
 0.736612 0.131898 0.001112 0.130378
 0.209904 0.035725 0.001112 0.753259

MOTIF 31-ATTTAAGTGA STREME-31
letter-probability matrix: alength= 4 w= 10 nsites= 17 E= 2.8e+001
 0.993304 0.002064 0.002064 0.002569
 0.002569 0.002064 0.028717 0.966650
 0.002569 0.002064 0.002064 0.993304
 0.002569 0.002064 0.002064 0.993304
 0.800595 0.002064 0.002064 0.195278
 0.993304 0.002064 0.002064 0.002569
 0.002569 0.002064 0.992798 0.002569
 0.002569 0.002064 0.002064 0.993304
 0.002569 0.002064 0.992798 0.002569
 0.993304 0.002064 0.002064 0.002569

MOTIF 32-AGGAGTATTYA STREME-32
letter-probability matrix: alength= 4 w= 11 nsites= 35 E= 3.0e+001
 0.682261 0.158417 0.023250 0.136072
 0.000901 0.023250 0.974948 0.000901
 0.045953 0.000724 0.952422 0.000901
 0.794899 0.000724 0.158420 0.045957
 0.000901 0.045779 0.952418 0.000901
 0.000901 0.045779 0.010072 0.943248
 0.862488 0.135887 0.000724 0.000901
 0.122901 0.000724 0.000724 0.875652
 0.271239 0.000724 0.000724 0.727314
 0.023427 0.393054 0.045779 0.537739
 0.839965 0.135884 0.023250 0.000901

MOTIF 33-AAACGTCTGAW STREME-33
letter-probability matrix: alength= 4 w= 11 nsites= 34 E= 3.0e+001
 0.912874 0.084139 0.001330 0.001656
 0.871463 0.001330 0.084146 0.043061
 0.954279 0.001330 0.042735 0.001656
 0.084472 0.912542 0.001330 0.001656
 0.001656 0.001330 0.995357 0.001656
 0.001656 0.084146 0.001330 0.912868
 0.001656 0.995357 0.001330 0.001656
 0.001656 0.001330 0.001330 0.995683
 0.001656 0.001330 0.995357 0.001656
 0.871463 0.042735 0.084146 0.001656
 0.415989 0.001330 0.001330 0.581350

MOTIF 34-GAACGTGA STREME-34
letter-probability matrix: alength= 4 w= 8 nsites= 31 E= 3.0e+001
 0.002009 0.001614 0.994367 0.002009
 0.820059 0.001614 0.176318 0.002009
 0.994763 0.001614 0.001614 0.002009
 0.002009 0.994367 0.001614 0.002009
 0.002009 0.001614 0.994367 0.002009
 0.091615 0.001614 0.001614 0.905158
 0.002009 0.001614 0.994367 0.002009
 0.994763 0.001614 0.001614 0.002009

MOTIF 35-AGTATAAGG STREME-35
letter-probability matrix: alength= 4 w= 9 nsites= 42 E= 3.1e+001
 0.916548 0.000926 0.000926 0.081600
 0.001153 0.029743 0.967951 0.001153
 0.058161 0.000926 0.029743 0.911170
 0.962628 0.029743 0.006476 0.001153
 0.001153 0.000926 0.029743 0.968178
 0.933806 0.000926 0.058565 0.006703
 0.767015 0.057934 0.000926 0.174125
 0.001153 0.000926 0.996768 0.001153
 0.070763 0.000926 0.725342 0.202969

MOTIF 36-AGTGAATAAA STREME-36
letter-probability matrix: alength= 4 w= 10 nsites= 62 E= 3.5e+001
 0.839619 0.008414 0.019423 0.132544
 0.003895 0.053138 0.913218 0.029748
 0.108033 0.029600 0.000605 0.861763
 0.038393 0.057069 0.858328 0.046210
 0.914946 0.019423 0.057069 0.008562
 0.881482 0.113536 0.000605 0.004377
 0.012186 0.000605 0.000605 0.986604
 0.998038 0.000605 0.000605 0.000753
 0.866288 0.019423 0.038245 0.076045
 0.975595 0.019423 0.004229 0.000753

MOTIF 37-ATCAAAATGAG STREME-37
letter-probability matrix: alength= 4 w= 11 nsites= 47 E= 3.5e+001
 0.842651 0.000874 0.109720 0.046755
 0.082724 0.000874 0.055299 0.861102
 0.012381 0.974365 0.000874 0.012381
 0.888317 0.000874 0.028085 0.082724
 0.849810 0.136935 0.012166 0.001089
 0.861106 0.109720 0.000874 0.028299
 0.931450 0.000874 0.039377 0.028299
 0.055514 0.000874 0.066587 0.877025
 0.001089 0.028085 0.969738 0.001089
 0.951497 0.000874 0.000874 0.046755
 0.137183 0.164200 0.670318 0.028299

MOTIF 38-GATATGAGAT STREME-38
letter-probability matrix: alength= 4 w= 10 nsites= 22 E= 4.0e+001
 0.001891 0.001519 0.994698 0.001891
 0.947795 0.048794 0.001519 0.001891
 0.001891 0.096077 0.001519 0.900513
 0.995071 0.001519 0.001519 0.001891
 0.001891 0.190665 0.001519 0.805925
 0.001891 0.001519 0.900140 0.096450
 0.995071 0.001519 0.001519 0.001891
 0.001891 0.001519 0.994698 0.001891
 0.995071 0.001519 0.001519 0.001891
 0.001891 0.001519 0.096077 0.900513

MOTIF 39-AWAGAGAG STREME-39
letter-probability matrix: alength= 4 w= 8 nsites= 33 E= 4.0e+001
 0.705483 0.001077 0.057336 0.236104
 0.356819 0.034599 0.029806 0.578776
 0.962983 0.001077 0.034599 0.001341
 0.001341 0.001077 0.996241 0.001341
 0.944855 0.001077 0.052727 0.001341
 0.001341 0.001077 0.996241 0.001341
 0.996505 0.001077 0.001077 0.001341
 0.001341 0.001077 0.996241 0.001341

MOTIF 40-CMAGACAGAKG STREME-40
letter-probability matrix: alength= 4 w= 11 nsites= 15 E= 4.0e+001
 0.002205 0.993820 0.001771 0.002205
 0.332905 0.552889 0.001771 0.112435
 0.939143 0.056882 0.001771 0.002205
 0.057316 0.001771 0.938709 0.002205
 0.828921 0.056882 0.001771 0.112427
 0.002205 0.883589 0.001771 0.112435
 0.773801 0.112001 0.056882 0.057316
 0.002205 0.001771 0.993820 0.002205
 0.939143 0.001771 0.056882 0.002205
 0.112427 0.167129 0.332454 0.387990
 0.002205 0.001771 0.993820 0.002205

********************************************************************************
Stopped because maximum number of motifs (40) reached.
********************************************************************************
COMMAND:	streme --p /root/autodl-tmp/zwk/evosnr_0605/preprocessing/cache/promoters_memeEscherichia coli str K-12 substr. MG1655_t.fasta --dna --minw 4 --maxw 12 --nmotifs 40 --oc /root/autodl-tmp/zwk/evosnr_0605/data/Esch/motifs/streme/
********************************************************************************
CPU:		autodl-container-c9174bac52-67f5215a
********************************************************************************
FINALTIME:	136.28 seconds
********************************************************************************
