********************************************************************************
STREME - Sensitive, Thorough, Rapid, Enriched Motif Elicitation
********************************************************************************
MEME version 5.5.8 (Release date: Thu May 15 15:01:46 2025 -0700)

For further information on how to interpret these results please access https://meme-suite.org/meme.
To get a copy of the MEME Suite software please access https://meme-suite.org.

********************************************************************************


********************************************************************************
REFERENCE
********************************************************************************
If you use this program in your research, please cite:

Timothy L. Bailey,
"STREME: accurate and versatile sequence motif discovery",
Bioinformatics, Mar. 24, 2021.
********************************************************************************


ALPHABET= ACGT

strands: + -

Background letter frequencies
A 0.211 C 0.289 G 0.289 T 0.211 

MOTIF 1-TGHCGARVWNGW STREME-1
letter-probability matrix: alength= 4 w= 12 nsites= 2404 E= 3.4e-006
 0.000016 0.314038 0.000023 0.685923
 0.000016 0.000023 0.999945 0.000016
 0.251225 0.353072 0.111096 0.284607
 0.174686 0.645286 0.115131 0.064897
 0.000016 0.000023 0.999945 0.000016
 0.773478 0.000023 0.132743 0.093756
 0.420709 0.085061 0.286450 0.207780
 0.296655 0.291326 0.412003 0.000016
 0.443037 0.087879 0.005958 0.463126
 0.171771 0.340641 0.280050 0.207537
 0.121194 0.213912 0.661102 0.003793
 0.474028 0.042832 0.103530 0.379611

MOTIF 2-GGCAAAGA STREME-2
letter-probability matrix: alength= 4 w= 8 nsites= 44 E= 1.2e+000
 0.019155 0.026300 0.935391 0.019155
 0.019155 0.026300 0.935391 0.019155
 0.019155 0.935391 0.026300 0.019155
 0.928245 0.026300 0.026300 0.019155
 0.928245 0.026300 0.026300 0.019155
 0.928245 0.026300 0.026300 0.019155
 0.019155 0.026300 0.935391 0.019155
 0.928245 0.026300 0.026300 0.019155

MOTIF 3-TATAGAGCGGCA STREME-3
letter-probability matrix: alength= 4 w= 12 nsites= 101 E= 1.4e+000
 0.185216 0.028126 0.111344 0.675313
 0.786267 0.046622 0.065111 0.102000
 0.111249 0.018879 0.083609 0.786263
 0.823259 0.102103 0.037372 0.037267
 0.074257 0.018879 0.860348 0.046516
 0.850999 0.000386 0.009632 0.138982
 0.037268 0.065118 0.823353 0.074261
 0.138992 0.832600 0.009632 0.018775
 0.028020 0.092859 0.841853 0.037268
 0.120491 0.046619 0.767876 0.065013
 0.065009 0.564446 0.194567 0.175978
 0.730790 0.065111 0.185326 0.018774

MOTIF 4-AGCGCCTYGA STREME-4
letter-probability matrix: alength= 4 w= 10 nsites= 645 E= 1.9e+000
 0.967404 0.000083 0.003154 0.029359
 0.035307 0.042808 0.903027 0.018859
 0.034178 0.807654 0.050223 0.107945
 0.131903 0.092210 0.611581 0.164306
 0.023170 0.830622 0.017110 0.129099
 0.108885 0.668077 0.125147 0.097891
 0.148574 0.084141 0.071014 0.696271
 0.054749 0.490618 0.154212 0.300421
 0.000885 0.095250 0.899832 0.004033
 0.764235 0.019311 0.045334 0.171121

MOTIF 5-CGGCAAGSBC STREME-5
letter-probability matrix: alength= 4 w= 10 nsites= 1193 E= 2.1e+000
 0.021018 0.679044 0.266739 0.033199
 0.003504 0.041982 0.876755 0.077759
 0.071607 0.140296 0.742353 0.045744
 0.000049 0.924550 0.036257 0.039144
 0.997549 0.000067 0.000067 0.002317
 0.997524 0.000067 0.002361 0.000049
 0.059426 0.108215 0.732446 0.099913
 0.184341 0.249158 0.485269 0.081231
 0.141392 0.247991 0.379237 0.231380
 0.096247 0.628870 0.153107 0.121775

MOTIF 6-AGGAAGGCGA STREME-6
letter-probability matrix: alength= 4 w= 10 nsites= 31 E= 2.5e+000
 0.994704 0.001941 0.001941 0.001414
 0.001414 0.001941 0.995231 0.001414
 0.001414 0.001941 0.948720 0.047925
 0.882372 0.001941 0.021243 0.094443
 0.765084 0.001941 0.231561 0.001414
 0.001414 0.001941 0.995231 0.001414
 0.001414 0.001941 0.995231 0.001414
 0.094443 0.855690 0.001941 0.047925
 0.001414 0.048453 0.902208 0.047925
 0.994704 0.001941 0.001941 0.001414

MOTIF 7-GTGCTGCAG STREME-7
letter-probability matrix: alength= 4 w= 9 nsites= 242 E= 2.9e+000
 0.224233 0.118440 0.611648 0.045679
 0.000225 0.109708 0.017565 0.872502
 0.083449 0.014628 0.901698 0.000225
 0.000225 0.735259 0.103791 0.160724
 0.041453 0.016629 0.000310 0.941608
 0.089005 0.185669 0.679896 0.045430
 0.018143 0.720169 0.090551 0.171137
 0.999155 0.000310 0.000310 0.000225
 0.000225 0.123523 0.837876 0.038375

MOTIF 8-CATAGGC STREME-8
letter-probability matrix: alength= 4 w= 7 nsites= 364 E= 3.4e+000
 0.000969 0.799921 0.001330 0.197780
 0.982909 0.014792 0.001330 0.000969
 0.000969 0.001330 0.001330 0.996371
 0.996371 0.001330 0.001330 0.000969
 0.000969 0.001330 0.996732 0.000969
 0.232471 0.060077 0.636206 0.071246
 0.000969 0.887491 0.088269 0.023272

MOTIF 9-GTTAACCAKR STREME-9
letter-probability matrix: alength= 4 w= 10 nsites= 61 E= 4.4e+000
 0.083316 0.000691 0.915489 0.000503
 0.023939 0.288797 0.000691 0.686573
 0.000503 0.083508 0.281924 0.634065
 0.998114 0.000691 0.000691 0.000503
 0.818731 0.180074 0.000691 0.000503
 0.000503 0.998302 0.000691 0.000503
 0.000503 0.759536 0.000691 0.239269
 0.964987 0.033818 0.000691 0.000503
 0.000503 0.083506 0.516338 0.399652
 0.456237 0.116635 0.426624 0.000503

MOTIF 10-CATGCAGCAAT STREME-10
letter-probability matrix: alength= 4 w= 11 nsites= 23 E= 5.0e+000
 0.063818 0.931715 0.002585 0.001883
 0.931012 0.002585 0.064520 0.001883
 0.063818 0.002585 0.002585 0.931012
 0.001883 0.002585 0.931715 0.063818
 0.001883 0.869772 0.126463 0.001883
 0.992947 0.002585 0.002585 0.001883
 0.001883 0.002585 0.993650 0.001883
 0.001883 0.993650 0.002585 0.001883
 0.992947 0.002585 0.002585 0.001883
 0.931012 0.002585 0.064520 0.001883
 0.001883 0.250374 0.064520 0.683224

MOTIF 11-CGTSACG STREME-11
letter-probability matrix: alength= 4 w= 7 nsites= 141 E= 1.0e+001
 0.019155 0.935391 0.026300 0.019155
 0.019155 0.026300 0.935391 0.019155
 0.019155 0.026300 0.026300 0.928245
 0.019155 0.480845 0.480845 0.019155
 0.928245 0.026300 0.026300 0.019155
 0.019155 0.935391 0.026300 0.019155
 0.019155 0.026300 0.935391 0.019155

MOTIF 12-CGAGCGCGA STREME-12
letter-probability matrix: alength= 4 w= 9 nsites= 95 E= 1.3e+001
 0.036232 0.879720 0.009330 0.074717
 0.000805 0.063805 0.908107 0.027283
 0.996985 0.001105 0.001105 0.000805
 0.000805 0.001105 0.997285 0.000805
 0.000805 0.909745 0.087280 0.002170
 0.136640 0.021379 0.841176 0.000805
 0.000805 0.835042 0.027583 0.136570
 0.000805 0.142894 0.776051 0.080250
 0.996985 0.001105 0.001105 0.000805

MOTIF 13-GGATTTCGCCWT STREME-13
letter-probability matrix: alength= 4 w= 12 nsites= 55 E= 1.4e+001
 0.000757 0.001040 0.997446 0.000757
 0.000757 0.001040 0.997446 0.000757
 0.947347 0.025948 0.001040 0.025666
 0.000757 0.175411 0.001040 0.822792
 0.000757 0.075768 0.001040 0.922435
 0.050574 0.001040 0.299963 0.648424
 0.100400 0.773251 0.125591 0.000757
 0.000757 0.025948 0.972538 0.000757
 0.150220 0.748349 0.100673 0.000757
 0.000757 0.997446 0.001040 0.000757
 0.324589 0.001040 0.175428 0.498944
 0.050574 0.150500 0.175421 0.623505

MOTIF 14-CATCATCACGT STREME-14
letter-probability matrix: alength= 4 w= 11 nsites= 125 E= 1.6e+001
 0.000329 0.955576 0.032938 0.011157
 0.940131 0.000452 0.004946 0.054471
 0.011157 0.043764 0.004946 0.940133
 0.000329 0.868939 0.097914 0.032818
 0.890480 0.000452 0.065425 0.043643
 0.184423 0.043764 0.043764 0.728048
 0.032815 0.955576 0.000452 0.011157
 0.938772 0.011280 0.049618 0.000329
 0.173591 0.573903 0.134890 0.117616
 0.043645 0.226018 0.665037 0.065301
 0.145597 0.141241 0.108745 0.604418

MOTIF 15-GTGMCCGGAA STREME-15
letter-probability matrix: alength= 4 w= 10 nsites= 33 E= 2.0e+001
 0.000801 0.053785 0.944613 0.000801
 0.000801 0.001099 0.001099 0.997000
 0.027142 0.001099 0.970958 0.000801
 0.580426 0.365567 0.001099 0.052907
 0.000801 0.997299 0.001099 0.000801
 0.027142 0.970958 0.001099 0.000801
 0.027142 0.001099 0.970958 0.000801
 0.000801 0.001099 0.997299 0.000801
 0.865273 0.001099 0.132826 0.000801
 0.606254 0.249188 0.027441 0.117118

MOTIF 16-ACAAWCACTSC STREME-16
letter-probability matrix: alength= 4 w= 11 nsites= 25 E= 2.0e+001
 0.839717 0.001094 0.027307 0.131882
 0.053223 0.944887 0.001094 0.000797
 0.918376 0.079733 0.001094 0.000797
 0.813521 0.027307 0.158375 0.000797
 0.420272 0.027307 0.027307 0.525114
 0.000797 0.997312 0.001094 0.000797
 0.918376 0.053520 0.027307 0.000797
 0.027010 0.971099 0.001094 0.000797
 0.000797 0.001094 0.053523 0.944586
 0.027010 0.420528 0.551665 0.000797
 0.053223 0.577816 0.158406 0.210555

MOTIF 17-AAGCGCTTCA STREME-17
letter-probability matrix: alength= 4 w= 10 nsites= 65 E= 2.0e+001
 0.835048 0.077970 0.000892 0.086090
 0.997568 0.000892 0.000892 0.000649
 0.000649 0.073839 0.924862 0.000649
 0.057857 0.876519 0.000892 0.064733
 0.000649 0.095200 0.839418 0.064733
 0.000649 0.827860 0.170841 0.000649
 0.000649 0.000892 0.086341 0.912118
 0.000649 0.204017 0.000892 0.794443
 0.064733 0.742112 0.076823 0.116332
 0.893199 0.043615 0.036739 0.026447

MOTIF 18-CGAAGACCAGYA STREME-18
letter-probability matrix: alength= 4 w= 12 nsites= 20 E= 2.0e+001
 0.120509 0.876622 0.001660 0.001209
 0.040974 0.001660 0.956158 0.001209
 0.796636 0.001660 0.200496 0.001209
 0.836406 0.120960 0.041425 0.001209
 0.120509 0.041425 0.836857 0.001209
 0.876171 0.001660 0.001660 0.120509
 0.001209 0.757322 0.120960 0.120509
 0.001209 0.995923 0.001660 0.001209
 0.915942 0.001660 0.081190 0.001209
 0.001209 0.001660 0.995923 0.001209
 0.001209 0.637922 0.001660 0.359210
 0.955707 0.041425 0.001660 0.001209

MOTIF 19-ACGCGATCGTCT STREME-19
letter-probability matrix: alength= 4 w= 12 nsites= 27 E= 2.0e+001
 0.919155 0.039841 0.001596 0.039407
 0.001163 0.957834 0.001596 0.039407
 0.039407 0.039841 0.843094 0.077657
 0.001163 0.919589 0.039841 0.039407
 0.001163 0.001596 0.996079 0.001163
 0.957400 0.001596 0.039841 0.001163
 0.115912 0.078086 0.001596 0.804406
 0.001163 0.804849 0.116331 0.077657
 0.077657 0.001596 0.919584 0.001163
 0.077657 0.116346 0.039841 0.766156
 0.154157 0.843084 0.001596 0.001163
 0.001163 0.001596 0.231141 0.766100

MOTIF 20-AGGGGTTGSGSA STREME-20
letter-probability matrix: alength= 4 w= 12 nsites= 16 E= 2.0e+001
 0.992482 0.002756 0.002756 0.002007
 0.002007 0.200835 0.795151 0.002007
 0.002007 0.002756 0.993230 0.002007
 0.002007 0.134811 0.861175 0.002007
 0.002007 0.002756 0.993230 0.002007
 0.002007 0.002756 0.002756 0.992482
 0.002007 0.002756 0.002756 0.992482
 0.002007 0.002756 0.993230 0.002007
 0.068031 0.530979 0.398984 0.002007
 0.134063 0.002756 0.861175 0.002007
 0.134063 0.530970 0.332960 0.002007
 0.992482 0.002756 0.002756 0.002007

MOTIF 21-ATGGGCAACG STREME-21
letter-probability matrix: alength= 4 w= 10 nsites= 16 E= 2.0e+001
 0.928245 0.026300 0.026300 0.019155
 0.019155 0.026300 0.026300 0.928245
 0.019155 0.026300 0.935391 0.019155
 0.019155 0.026300 0.935391 0.019155
 0.019155 0.026300 0.935391 0.019155
 0.019155 0.935391 0.026300 0.019155
 0.928245 0.026300 0.026300 0.019155
 0.928245 0.026300 0.026300 0.019155
 0.019155 0.935391 0.026300 0.019155
 0.019155 0.026300 0.935391 0.019155

MOTIF 22-AAACCTGC STREME-22
letter-probability matrix: alength= 4 w= 8 nsites= 31 E= 2.0e+001
 0.928245 0.026300 0.026300 0.019155
 0.928245 0.026300 0.026300 0.019155
 0.928245 0.026300 0.026300 0.019155
 0.019155 0.935391 0.026300 0.019155
 0.019155 0.935391 0.026300 0.019155
 0.019155 0.026300 0.026300 0.928245
 0.019155 0.026300 0.935391 0.019155
 0.019155 0.935391 0.026300 0.019155

MOTIF 23-CCATTTCC STREME-23
letter-probability matrix: alength= 4 w= 8 nsites= 256 E= 2.3e+001
 0.000577 0.712077 0.000387 0.286959
 0.130875 0.817702 0.000387 0.051037
 0.937853 0.052214 0.009652 0.000282
 0.084516 0.066462 0.148377 0.700645
 0.000282 0.004058 0.024619 0.971042
 0.193113 0.014617 0.000387 0.791883
 0.116296 0.883036 0.000387 0.000282
 0.083146 0.819994 0.096579 0.000282

MOTIF 24-AGGARATC STREME-24
letter-probability matrix: alength= 4 w= 8 nsites= 1600 E= 2.3e+001
 0.687564 0.000149 0.000149 0.312139
 0.000108 0.198277 0.801506 0.000108
 0.000108 0.000149 0.999635 0.000108
 0.999595 0.000149 0.000149 0.000108
 0.466494 0.012220 0.521178 0.000108
 0.594666 0.081378 0.176638 0.147317
 0.276534 0.136212 0.000149 0.587106
 0.095703 0.510317 0.223694 0.170287

MOTIF 25-CGGCGATCGCCG STREME-25
letter-probability matrix: alength= 4 w= 12 nsites= 72 E= 2.5e+001
 0.065646 0.761363 0.032475 0.140516
 0.016389 0.040430 0.926792 0.016389
 0.021782 0.000664 0.967586 0.009968
 0.115131 0.812147 0.072239 0.000483
 0.000483 0.229951 0.761130 0.008436
 0.792763 0.163024 0.019870 0.024342
 0.024342 0.019870 0.163024 0.792763
 0.008436 0.761130 0.229951 0.000483
 0.000483 0.072239 0.812147 0.115131
 0.009968 0.967586 0.000664 0.021782
 0.016389 0.926792 0.040430 0.016389
 0.140516 0.032475 0.761363 0.065646

MOTIF 26-CTTCCAGA STREME-26
letter-probability matrix: alength= 4 w= 8 nsites= 46 E= 2.8e+001
 0.019155 0.935391 0.026300 0.019155
 0.019155 0.026300 0.026300 0.928245
 0.019155 0.026300 0.026300 0.928245
 0.019155 0.935391 0.026300 0.019155
 0.019155 0.935391 0.026300 0.019155
 0.928245 0.026300 0.026300 0.019155
 0.019155 0.026300 0.935391 0.019155
 0.928245 0.026300 0.026300 0.019155

MOTIF 27-CSGGAAAA STREME-27
letter-probability matrix: alength= 4 w= 8 nsites= 174 E= 3.0e+001
 0.114895 0.883040 0.001195 0.000870
 0.000870 0.653630 0.344630 0.000870
 0.000870 0.001195 0.997065 0.000870
 0.000870 0.001195 0.997065 0.000870
 0.996740 0.001195 0.001195 0.000870
 0.661744 0.073862 0.263524 0.000870
 0.930715 0.001195 0.001195 0.066895
 0.996740 0.001195 0.001195 0.000870

MOTIF 28-AAACTTAAAT STREME-28
letter-probability matrix: alength= 4 w= 10 nsites= 19 E= 3.0e+001
 0.828406 0.167620 0.002300 0.001675
 0.993726 0.002300 0.002300 0.001675
 0.993726 0.002300 0.002300 0.001675
 0.001675 0.994351 0.002300 0.001675
 0.001675 0.002300 0.002300 0.993726
 0.001675 0.002300 0.002300 0.993726
 0.993726 0.002300 0.002300 0.001675
 0.993726 0.002300 0.002300 0.001675
 0.552843 0.222741 0.002300 0.222116
 0.001675 0.002300 0.002300 0.993726

MOTIF 29-CGAATTTCGC STREME-29
letter-probability matrix: alength= 4 w= 10 nsites= 17 E= 3.0e+001
 0.002006 0.993233 0.002755 0.002006
 0.002006 0.002755 0.927235 0.068004
 0.992485 0.002755 0.002755 0.002006
 0.992485 0.002755 0.002755 0.002006
 0.002006 0.002755 0.002755 0.992485
 0.002006 0.002755 0.002755 0.992485
 0.002006 0.002755 0.002755 0.992485
 0.200027 0.795212 0.002755 0.002006
 0.002006 0.002755 0.993233 0.002006
 0.002006 0.993233 0.002755 0.002006

MOTIF 30-CCCTGCCCC STREME-30
letter-probability matrix: alength= 4 w= 9 nsites= 29 E= 3.5e+001
 0.001460 0.995075 0.002005 0.001460
 0.145594 0.850941 0.002005 0.001460
 0.001460 0.995075 0.002005 0.001460
 0.001460 0.136101 0.002005 0.860433
 0.027425 0.118040 0.853074 0.001460
 0.001460 0.995075 0.002005 0.001460
 0.001460 0.995075 0.002005 0.001460
 0.001460 0.995075 0.002005 0.001460
 0.001460 0.995075 0.002005 0.001460

MOTIF 31-TCATGAAA STREME-31
letter-probability matrix: alength= 4 w= 8 nsites= 43 E= 3.6e+001
 0.019155 0.026300 0.026300 0.928245
 0.019155 0.935391 0.026300 0.019155
 0.928245 0.026300 0.026300 0.019155
 0.019155 0.026300 0.026300 0.928245
 0.019155 0.026300 0.935391 0.019155
 0.928245 0.026300 0.026300 0.019155
 0.928245 0.026300 0.026300 0.019155
 0.928245 0.026300 0.026300 0.019155

MOTIF 32-MTCAAGAACA STREME-32
letter-probability matrix: alength= 4 w= 10 nsites= 32 E= 4.0e+001
 0.645238 0.323369 0.030503 0.000890
 0.000890 0.206228 0.030503 0.762379
 0.059451 0.938437 0.001222 0.000890
 0.908813 0.089075 0.001222 0.000890
 0.996666 0.001222 0.001222 0.000890
 0.000890 0.001222 0.996998 0.000890
 0.996666 0.001222 0.001222 0.000890
 0.996666 0.001222 0.001222 0.000890
 0.000890 0.879864 0.001222 0.118024
 0.908813 0.001222 0.001222 0.088743

MOTIF 33-GATCACCACGGT STREME-33
letter-probability matrix: alength= 4 w= 12 nsites= 29 E= 4.0e+001
 0.000749 0.025684 0.948163 0.025404
 0.898573 0.074993 0.001029 0.025404
 0.000749 0.074993 0.050342 0.873915
 0.000749 0.997472 0.001029 0.000749
 0.873915 0.050342 0.050339 0.025404
 0.050062 0.898848 0.050340 0.000749
 0.000749 0.824886 0.148961 0.025404
 0.750640 0.074993 0.124308 0.050059
 0.074717 0.726260 0.050339 0.148684
 0.000749 0.134534 0.814654 0.050062
 0.099372 0.109880 0.789999 0.000749
 0.148681 0.001029 0.074993 0.775296

MOTIF 34-AGATCATGGAC STREME-34
letter-probability matrix: alength= 4 w= 11 nsites= 22 E= 4.0e+001
 0.994615 0.001974 0.001974 0.001437
 0.001437 0.001974 0.995151 0.001437
 0.994615 0.001974 0.001974 0.001437
 0.001437 0.001974 0.143861 0.852728
 0.001437 0.995151 0.001974 0.001437
 0.900030 0.096559 0.001974 0.001437
 0.096023 0.143861 0.001974 0.758143
 0.001437 0.001974 0.900566 0.096023
 0.096023 0.001974 0.900566 0.001437
 0.852747 0.049263 0.049263 0.048727
 0.001437 0.995151 0.001974 0.001437

MOTIF 35-TCCGCCCGCA STREME-35
letter-probability matrix: alength= 4 w= 10 nsites= 25 E= 4.0e+001
 0.108701 0.180871 0.001497 0.708931
 0.001090 0.941063 0.056757 0.001090
 0.072826 0.924587 0.001497 0.001090
 0.036956 0.001497 0.960457 0.001090
 0.001090 0.996323 0.001497 0.001090
 0.036956 0.960457 0.001497 0.001090
 0.015974 0.981439 0.001497 0.001090
 0.036956 0.037362 0.924592 0.001090
 0.001090 0.936132 0.061687 0.001090
 0.995916 0.001497 0.001497 0.001090

MOTIF 36-ATTCGCTCGGCG STREME-36
letter-probability matrix: alength= 4 w= 12 nsites= 19 E= 4.0e+001
 0.883513 0.057406 0.057406 0.001675
 0.001675 0.002300 0.057406 0.938619
 0.001675 0.002300 0.002300 0.993725
 0.001675 0.994350 0.002300 0.001675
 0.001675 0.002300 0.994350 0.001675
 0.001675 0.884138 0.112512 0.001675
 0.167014 0.002300 0.002300 0.828386
 0.001675 0.994350 0.002300 0.001675
 0.001675 0.167625 0.829025 0.001675
 0.001675 0.112519 0.884131 0.001675
 0.001675 0.994350 0.002300 0.001675
 0.001675 0.002300 0.994350 0.001675

MOTIF 37-CCGAGCGGCGT STREME-37
letter-probability matrix: alength= 4 w= 11 nsites= 28 E= 4.0e+001
 0.067202 0.851294 0.080309 0.001196
 0.001196 0.956636 0.001642 0.040527
 0.001196 0.040973 0.956636 0.001196
 0.896871 0.067648 0.017964 0.017518
 0.001196 0.001642 0.995967 0.001196
 0.001196 0.995967 0.001642 0.001196
 0.040527 0.017964 0.900983 0.040527
 0.040527 0.001642 0.917305 0.040527
 0.079863 0.917300 0.001642 0.001196
 0.040527 0.001642 0.956636 0.001196
 0.079863 0.067648 0.158996 0.693493

MOTIF 38-CAGTTGCGC STREME-38
letter-probability matrix: alength= 4 w= 9 nsites= 21 E= 4.0e+001
 0.001571 0.787893 0.002157 0.208378
 0.994114 0.002157 0.002157 0.001571
 0.001571 0.002157 0.994700 0.001571
 0.001571 0.002157 0.002157 0.994114
 0.156666 0.002157 0.002157 0.839019
 0.104961 0.002157 0.891310 0.001571
 0.001571 0.943009 0.053849 0.001571
 0.001571 0.002157 0.994700 0.001571
 0.001571 0.994700 0.002157 0.001571

MOTIF 39-CCGCAACCTGAC STREME-39
letter-probability matrix: alength= 4 w= 12 nsites= 20 E= 4.0e+001
 0.001509 0.945276 0.051706 0.001509
 0.051144 0.945276 0.002072 0.001509
 0.100778 0.051706 0.846007 0.001509
 0.100778 0.796372 0.051706 0.051144
 0.845444 0.002072 0.002072 0.150413
 0.895078 0.051706 0.002072 0.051144
 0.001509 0.994911 0.002072 0.001509
 0.150420 0.796365 0.051706 0.001509
 0.051144 0.002072 0.002072 0.944713
 0.100778 0.002072 0.796365 0.100785
 0.994348 0.002072 0.002072 0.001509
 0.001509 0.994911 0.002072 0.001509

MOTIF 40-GAATTCACCCK STREME-40
letter-probability matrix: alength= 4 w= 11 nsites= 15 E= 4.0e+001
 0.002007 0.068770 0.927217 0.002007
 0.860445 0.002755 0.134793 0.002007
 0.992483 0.002755 0.002755 0.002007
 0.002007 0.002755 0.002755 0.992483
 0.002007 0.002755 0.002755 0.992483
 0.002007 0.993231 0.002755 0.002007
 0.926468 0.068770 0.002755 0.002007
 0.002007 0.993231 0.002755 0.002007
 0.002007 0.993231 0.002755 0.002007
 0.134044 0.861194 0.002755 0.002007
 0.002007 0.002755 0.464873 0.530365

********************************************************************************
Stopped because maximum number of motifs (40) reached.
********************************************************************************
COMMAND:	streme --p /root/autodl-tmp/zwk/evosnr_0605/preprocessing/cache/promoters_memeSinorhizobium meliloti 1021_t.fasta --dna --minw 4 --maxw 12 --nmotifs 40 --oc /root/autodl-tmp/zwk/evosnr_0605/data/Sino/motifs/streme/
********************************************************************************
CPU:		autodl-container-c9174bac52-67f5215a
********************************************************************************
FINALTIME:	181.75 seconds
********************************************************************************
