********************************************************************************
STREME - Sensitive, Thorough, Rapid, Enriched Motif Elicitation
********************************************************************************
MEME version 5.5.8 (Release date: Thu May 15 15:01:46 2025 -0700)

For further information on how to interpret these results please access https://meme-suite.org/meme.
To get a copy of the MEME Suite software please access https://meme-suite.org.

********************************************************************************


********************************************************************************
REFERENCE
********************************************************************************
If you use this program in your research, please cite:

Timothy L. Bailey,
"STREME: accurate and versatile sequence motif discovery",
Bioinformatics, Mar. 24, 2021.
********************************************************************************


ALPHABET= ACGT

strands: + -

Background letter frequencies
A 0.253 C 0.247 G 0.247 T 0.253 

MOTIF 1-AGCATTGCM STREME-1
letter-probability matrix: alength= 4 w= 9 nsites= 22 E= 3.9e+000
 0.845734 0.150688 0.001769 0.001809
 0.001809 0.001769 0.895424 0.100999
 0.100999 0.895424 0.001769 0.001809
 0.796274 0.150554 0.051364 0.001809
 0.001809 0.001769 0.001769 0.994654
 0.001809 0.001769 0.100959 0.895464
 0.051404 0.051364 0.895424 0.001809
 0.001809 0.994614 0.001769 0.001809
 0.299919 0.597314 0.001769 0.100999

MOTIF 2-RATCAYATTGCRV STREME-2
letter-probability matrix: alength= 4 w= 13 nsites= 35 E= 1.7e+001
 0.604555 0.031245 0.363100 0.001100
 0.785567 0.182088 0.031245 0.001100
 0.121857 0.091582 0.001076 0.785485
 0.001100 0.755374 0.001076 0.242450
 0.906242 0.001076 0.001076 0.091606
 0.121775 0.302762 0.001076 0.574387
 0.695061 0.001076 0.302762 0.001100
 0.001100 0.302762 0.001076 0.695061
 0.031269 0.001076 0.031245 0.936411
 0.031269 0.031245 0.634618 0.302869
 0.001100 0.845880 0.061413 0.091606
 0.333038 0.151919 0.453606 0.061438
 0.212363 0.423437 0.363100 0.001100

MOTIF 3-GGAACGA STREME-3
letter-probability matrix: alength= 4 w= 7 nsites= 18 E= 2.1e+001
 0.096182 0.002170 0.899429 0.002219
 0.002219 0.002170 0.981741 0.013870
 0.785211 0.002170 0.185202 0.027417
 0.845944 0.002170 0.149667 0.002219
 0.002219 0.993392 0.002170 0.002219
 0.002219 0.063015 0.830245 0.104521
 0.932596 0.002170 0.002170 0.063064

MOTIF 4-ATGGGAGART STREME-4
letter-probability matrix: alength= 4 w= 10 nsites= 28 E= 3.5e+001
 0.803379 0.000987 0.028649 0.166985
 0.222386 0.111638 0.194626 0.471351
 0.001009 0.000987 0.996996 0.001009
 0.001009 0.000987 0.914007 0.083997
 0.111660 0.028649 0.831019 0.028672
 0.609664 0.056312 0.111638 0.222386
 0.028672 0.056312 0.914007 0.001009
 0.830966 0.000987 0.139375 0.028672
 0.471426 0.083975 0.305277 0.139323
 0.194723 0.000987 0.166963 0.637327

MOTIF 5-WCTGGCTTT STREME-5
letter-probability matrix: alength= 4 w= 9 nsites= 23 E= 3.5e+001
 0.517048 0.001313 0.038135 0.443504
 0.111908 0.774970 0.111778 0.001343
 0.185552 0.075057 0.074957 0.664435
 0.111908 0.074957 0.701227 0.111908
 0.074986 0.001313 0.922357 0.001343
 0.038165 0.959179 0.001313 0.001343
 0.001343 0.001313 0.001313 0.996031
 0.038165 0.259065 0.001313 0.701457
 0.001343 0.038135 0.038135 0.922387

MOTIF 6-CCGGTCGA STREME-6
letter-probability matrix: alength= 4 w= 8 nsites= 20 E= 3.5e+001
 0.057484 0.789806 0.095227 0.057484
 0.057484 0.827443 0.113051 0.002023
 0.002023 0.057439 0.938516 0.002023
 0.002023 0.057439 0.927896 0.012642
 0.002023 0.001978 0.001978 0.994021
 0.002023 0.882904 0.001978 0.113095
 0.057484 0.001978 0.883055 0.057484
 0.883100 0.001978 0.057439 0.057484

MOTIF 7-AAACAAGGSG STREME-7
letter-probability matrix: alength= 4 w= 10 nsites= 20 E= 3.5e+001
 0.773522 0.167407 0.001965 0.057107
 0.883866 0.057062 0.057062 0.002009
 0.883866 0.001965 0.001965 0.112204
 0.002009 0.938919 0.001965 0.057107
 0.994061 0.001965 0.001965 0.002009
 0.883866 0.001965 0.112160 0.002009
 0.002009 0.001965 0.994016 0.002009
 0.222399 0.001965 0.773627 0.002009
 0.167301 0.553088 0.277601 0.002009
 0.112204 0.112160 0.718530 0.057107

MOTIF 8-AYYGGCMGCGCA STREME-8
letter-probability matrix: alength= 4 w= 12 nsites= 17 E= 3.5e+001
 0.931381 0.064151 0.002209 0.002259
 0.002259 0.621624 0.002209 0.373908
 0.002259 0.311916 0.064151 0.621674
 0.002259 0.002209 0.683565 0.311967
 0.250025 0.002209 0.745507 0.002259
 0.002259 0.683565 0.002209 0.311967
 0.621674 0.311916 0.064151 0.002259
 0.002259 0.002209 0.993273 0.002259
 0.002259 0.931331 0.064151 0.002259
 0.002259 0.064151 0.869390 0.064201
 0.250025 0.621624 0.002209 0.126142
 0.807498 0.188033 0.002209 0.002259

MOTIF 9-WACATAA STREME-9
letter-probability matrix: alength= 4 w= 7 nsites= 13 E= 3.5e+001
 0.415477 0.002926 0.002926 0.578671
 0.991155 0.002926 0.002926 0.002992
 0.002992 0.991089 0.002926 0.002992
 0.662292 0.002926 0.084974 0.249807
 0.002992 0.002926 0.002926 0.991155
 0.991155 0.002926 0.002926 0.002992
 0.991155 0.002926 0.002926 0.002992

MOTIF 10-AATTGCCGT STREME-10
letter-probability matrix: alength= 4 w= 9 nsites= 10 E= 3.5e+001
 0.878961 0.113157 0.003897 0.003985
 0.878961 0.003897 0.113157 0.003985
 0.003985 0.003897 0.113157 0.878961
 0.003985 0.003897 0.113157 0.878961
 0.003985 0.003897 0.878873 0.113245
 0.003985 0.988134 0.003897 0.003985
 0.003985 0.878873 0.113157 0.003985
 0.003985 0.003897 0.988134 0.003985
 0.003985 0.003897 0.003897 0.988222

MOTIF 11-MGCCGAGAGCG STREME-11
letter-probability matrix: alength= 4 w= 11 nsites= 10 E= 3.5e+001
 0.331442 0.656817 0.005804 0.005936
 0.005936 0.005804 0.819571 0.168689
 0.005936 0.982324 0.005804 0.005936
 0.005936 0.819571 0.005804 0.168689
 0.005936 0.005804 0.982324 0.005936
 0.982455 0.005804 0.005804 0.005936
 0.168689 0.005804 0.656817 0.168689
 0.982455 0.005804 0.005804 0.005936
 0.005936 0.005804 0.819571 0.168689
 0.168689 0.819571 0.005804 0.005936
 0.168689 0.005804 0.819571 0.005936

MOTIF 12-AGTGTGG STREME-12
letter-probability matrix: alength= 4 w= 7 nsites= 12 E= 3.5e+001
 0.890913 0.003512 0.101984 0.003591
 0.003591 0.003512 0.989305 0.003591
 0.003591 0.003512 0.101984 0.890913
 0.003591 0.101984 0.890833 0.003591
 0.003591 0.003512 0.003512 0.989385
 0.003591 0.101984 0.890833 0.003591
 0.200803 0.003512 0.693621 0.102063

MOTIF 13-CCGGGAAAAC STREME-13
letter-probability matrix: alength= 4 w= 10 nsites= 12 E= 3.5e+001
 0.003656 0.847348 0.103823 0.045172
 0.103904 0.788616 0.103823 0.003656
 0.003656 0.003575 0.989112 0.003656
 0.103904 0.103823 0.587847 0.204425
 0.103904 0.003575 0.688096 0.204425
 0.947677 0.003575 0.003575 0.045172
 0.788697 0.003575 0.103823 0.103904
 0.888945 0.103823 0.003575 0.003656
 0.788697 0.103823 0.003575 0.103904
 0.003656 0.989112 0.003575 0.003656

MOTIF 14-ACAGBGT STREME-14
letter-probability matrix: alength= 4 w= 7 nsites= 10 E= 3.5e+001
 0.986786 0.004372 0.004372 0.004471
 0.004471 0.986687 0.004372 0.004471
 0.864205 0.004372 0.126952 0.004471
 0.004471 0.004372 0.986687 0.004471
 0.004471 0.249867 0.495697 0.249966
 0.004471 0.004372 0.986687 0.004471
 0.004471 0.004372 0.004372 0.986786

MOTIF 15-TCGGCGCCAG STREME-15
letter-probability matrix: alength= 4 w= 10 nsites= 9 E= 3.5e+001
 0.004477 0.004377 0.004377 0.986768
 0.004477 0.986669 0.004377 0.004477
 0.004477 0.004377 0.863924 0.127221
 0.004477 0.004377 0.986669 0.004477
 0.004477 0.986669 0.004377 0.004477
 0.127221 0.004377 0.863924 0.004477
 0.127221 0.741180 0.127122 0.004477
 0.004477 0.986669 0.004377 0.004477
 0.864024 0.004377 0.127122 0.004477
 0.250300 0.004377 0.740846 0.004477

MOTIF 16-ATTCGTKGATVC STREME-16
letter-probability matrix: alength= 4 w= 12 nsites= 8 E= 3.5e+001
 0.979056 0.006929 0.006929 0.007086
 0.007086 0.006929 0.006929 0.979056
 0.007086 0.006929 0.006929 0.979056
 0.007086 0.978899 0.006929 0.007086
 0.201374 0.006929 0.784611 0.007086
 0.007086 0.006929 0.006929 0.979056
 0.007086 0.006929 0.396034 0.589951
 0.007086 0.006929 0.978899 0.007086
 0.784768 0.201217 0.006929 0.007086
 0.201374 0.006929 0.006929 0.784768
 0.395663 0.201217 0.396034 0.007086
 0.007086 0.978899 0.006929 0.007086

MOTIF 17-ACATCATAAT STREME-17
letter-probability matrix: alength= 4 w= 10 nsites= 6 E= 3.5e+001
 0.732692 0.008605 0.249903 0.008800
 0.008800 0.973794 0.008605 0.008800
 0.973989 0.008605 0.008605 0.008800
 0.008800 0.008605 0.008605 0.973989
 0.008800 0.973794 0.008605 0.008800
 0.973989 0.008605 0.008605 0.008800
 0.008800 0.249903 0.008605 0.732692
 0.732692 0.008605 0.008605 0.250097
 0.973989 0.008605 0.008605 0.008800
 0.008800 0.008605 0.249903 0.732692

MOTIF 18-TGGCGAA STREME-18
letter-probability matrix: alength= 4 w= 7 nsites= 26 E= 4.9e+001
 0.002148 0.002100 0.002100 0.993652
 0.061038 0.002100 0.934714 0.002148
 0.128876 0.002100 0.866876 0.002148
 0.037819 0.815604 0.120040 0.026536
 0.002148 0.002100 0.875664 0.120088
 0.934762 0.002100 0.002100 0.061038
 0.792112 0.179252 0.026488 0.002148

MOTIF 19-ATAGCGGWARS STREME-19
letter-probability matrix: alength= 4 w= 11 nsites= 14 E= 5.3e+001
 0.991416 0.002840 0.002840 0.002904
 0.002904 0.082468 0.002840 0.911788
 0.799184 0.002840 0.115444 0.082532
 0.082532 0.082468 0.752468 0.082532
 0.002904 0.991352 0.002840 0.002904
 0.162160 0.082468 0.752468 0.002904
 0.162160 0.002840 0.752468 0.082532
 0.480672 0.082468 0.002840 0.434020
 0.911788 0.082468 0.002840 0.002904
 0.593276 0.002840 0.400980 0.002904
 0.115509 0.241724 0.480608 0.162160

MOTIF 20-AGACGCT STREME-20
letter-probability matrix: alength= 4 w= 7 nsites= 6 E= 5.3e+001
 0.932073 0.022473 0.022473 0.022982
 0.022982 0.022473 0.931564 0.022982
 0.932073 0.022473 0.022473 0.022982
 0.022982 0.931564 0.022473 0.022982
 0.022982 0.022473 0.931564 0.022982
 0.022982 0.931564 0.022473 0.022982
 0.022982 0.022473 0.022473 0.932073

MOTIF 21-GCCTCTGCCN STREME-21
letter-probability matrix: alength= 4 w= 10 nsites= 43 E= 5.8e+001
 0.075634 0.050705 0.623668 0.249993
 0.050725 0.723302 0.150339 0.075634
 0.000908 0.947478 0.000888 0.050725
 0.075634 0.050705 0.075614 0.798047
 0.000908 0.947478 0.000888 0.050725
 0.000908 0.050705 0.125431 0.822956
 0.175268 0.000888 0.673485 0.150359
 0.000908 0.723302 0.225065 0.050725
 0.000908 0.897661 0.025797 0.075634
 0.349627 0.249973 0.175315 0.225085

MOTIF 22-AAMATCGC STREME-22
letter-probability matrix: alength= 4 w= 8 nsites= 37 E= 5.8e+001
 0.823655 0.001390 0.001390 0.173565
 0.597137 0.001390 0.157393 0.244080
 0.580678 0.299269 0.118631 0.001421
 0.651511 0.173534 0.173534 0.001421
 0.001421 0.001390 0.001390 0.995799
 0.001421 0.995767 0.001390 0.001421
 0.001421 0.001390 0.995767 0.001421
 0.001421 0.995767 0.001390 0.001421

MOTIF 23-ATTTTTTCMDCG STREME-23
letter-probability matrix: alength= 4 w= 12 nsites= 52 E= 6.8e+001
 0.841472 0.000697 0.157118 0.000713
 0.059371 0.137565 0.000697 0.802367
 0.176686 0.000697 0.000697 0.821919
 0.000713 0.176670 0.059355 0.763262
 0.000713 0.137565 0.235328 0.626394
 0.000713 0.000697 0.000697 0.997892
 0.078923 0.098460 0.000697 0.821919
 0.157133 0.685036 0.000697 0.157133
 0.372211 0.489511 0.000697 0.137581
 0.372211 0.078907 0.352643 0.196238
 0.020266 0.567721 0.157118 0.254896
 0.235343 0.059355 0.587273 0.118028

MOTIF 24-GGCTGAAWTR STREME-24
letter-probability matrix: alength= 4 w= 10 nsites= 27 E= 7.0e+001
 0.001427 0.001395 0.956634 0.040544
 0.001427 0.213290 0.549150 0.236133
 0.040544 0.956634 0.001395 0.001427
 0.236240 0.118748 0.001395 0.643617
 0.079662 0.001395 0.878398 0.040544
 0.878324 0.001395 0.118855 0.001427
 0.995783 0.001395 0.001395 0.001427
 0.392711 0.040513 0.001395 0.565382
 0.001427 0.174066 0.001395 0.823112
 0.448028 0.001395 0.510032 0.040544

MOTIF 25-GCCATTTTCMTG STREME-25
letter-probability matrix: alength= 4 w= 12 nsites= 22 E= 7.0e+001
 0.001905 0.054098 0.942092 0.001905
 0.001905 0.733152 0.001863 0.263080
 0.106375 0.837622 0.001863 0.054140
 0.994369 0.001863 0.001863 0.001905
 0.001905 0.106333 0.210803 0.680959
 0.054140 0.106333 0.001863 0.837664
 0.001905 0.210803 0.001863 0.785429
 0.106375 0.106333 0.106333 0.680959
 0.001905 0.785387 0.158568 0.054140
 0.419785 0.263038 0.158568 0.158610
 0.158610 0.106333 0.210803 0.524255
 0.001905 0.054098 0.942092 0.001905

MOTIF 26-AAAGGYGAWGATTK STREME-26
letter-probability matrix: alength= 4 w= 14 nsites= 17 E= 7.0e+001
 0.760398 0.002080 0.177066 0.060456
 0.993712 0.002080 0.002080 0.002127
 0.993712 0.002080 0.002080 0.002127
 0.002127 0.002080 0.818680 0.177113
 0.293770 0.002080 0.643694 0.060456
 0.002127 0.352051 0.002080 0.643741
 0.177113 0.118737 0.527037 0.177113
 0.935384 0.002080 0.060409 0.002127
 0.527084 0.060409 0.002080 0.410427
 0.177113 0.002080 0.760351 0.060456
 0.702070 0.118737 0.177066 0.002127
 0.293770 0.002080 0.060409 0.643741
 0.002127 0.235394 0.118737 0.643741
 0.118784 0.177066 0.293723 0.410427

MOTIF 27-SGCAAAKYCRYGTT STREME-27
letter-probability matrix: alength= 4 w= 14 nsites= 15 E= 7.0e+001
 0.002408 0.530608 0.464576 0.002408
 0.002408 0.002355 0.926797 0.068440
 0.002408 0.728702 0.002355 0.266535
 0.728756 0.002355 0.002355 0.266535
 0.992882 0.002355 0.002355 0.002408
 0.926850 0.068386 0.002355 0.002408
 0.002408 0.002355 0.464576 0.530661
 0.002408 0.464576 0.200450 0.332566
 0.002408 0.728702 0.200450 0.068440
 0.596692 0.002355 0.398544 0.002408
 0.134471 0.398544 0.002355 0.464629
 0.002408 0.002355 0.992829 0.002408
 0.002408 0.134418 0.266481 0.596692
 0.002408 0.134418 0.266481 0.596692

MOTIF 28-CGCTTGCAMSYY STREME-28
letter-probability matrix: alength= 4 w= 12 nsites= 21 E= 7.0e+001
 0.096313 0.758393 0.143569 0.001725
 0.001725 0.001687 0.994864 0.001725
 0.001725 0.711099 0.096275 0.190901
 0.001725 0.001687 0.001687 0.994902
 0.001725 0.190863 0.001687 0.805725
 0.190901 0.096275 0.711099 0.001725
 0.096313 0.900275 0.001687 0.001725
 0.616549 0.238157 0.001687 0.143607
 0.380078 0.427334 0.001687 0.190901
 0.001725 0.332746 0.663805 0.001725
 0.001725 0.474628 0.143569 0.380078
 0.049019 0.380040 0.001687 0.569255

MOTIF 29-CGRATTTGCA STREME-29
letter-probability matrix: alength= 4 w= 10 nsites= 13 E= 7.0e+001
 0.002578 0.921652 0.073193 0.002578
 0.073250 0.002520 0.709441 0.214788
 0.285269 0.144058 0.568095 0.002578
 0.780363 0.002520 0.214539 0.002578
 0.002578 0.002520 0.002520 0.992382
 0.002578 0.002520 0.002520 0.992382
 0.073250 0.002520 0.002520 0.921709
 0.002578 0.143866 0.850979 0.002578
 0.002578 0.992325 0.002520 0.002578
 0.780363 0.002520 0.073193 0.143923

MOTIF 30-RAGCGGGNTKSM STREME-30
letter-probability matrix: alength= 4 w= 12 nsites= 16 E= 7.0e+001
 0.464629 0.002355 0.464576 0.068440
 0.794787 0.002355 0.200450 0.002408
 0.002408 0.002355 0.992829 0.002408
 0.002408 0.992829 0.002355 0.002408
 0.002408 0.002355 0.992829 0.002408
 0.002408 0.002355 0.992829 0.002408
 0.200503 0.200450 0.596639 0.002408
 0.332566 0.200450 0.200450 0.266535
 0.002408 0.068386 0.002355 0.926850
 0.002408 0.002355 0.662671 0.332566
 0.068440 0.596639 0.332513 0.002408
 0.530661 0.332513 0.134418 0.002408

MOTIF 31-AAGACTGGAT STREME-31
letter-probability matrix: alength= 4 w= 10 nsites= 12 E= 7.0e+001
 0.894480 0.001785 0.051847 0.051888
 0.794356 0.101909 0.001785 0.101950
 0.022558 0.101909 0.873707 0.001826
 0.694232 0.051847 0.051847 0.202074
 0.001826 0.944501 0.001785 0.051888
 0.051888 0.072580 0.051847 0.823685
 0.152012 0.001785 0.744117 0.102086
 0.051888 0.122642 0.623261 0.202210
 0.744294 0.101909 0.001785 0.152012
 0.072620 0.051847 0.202033 0.673499

MOTIF 32-CCGGATATT STREME-32
letter-probability matrix: alength= 4 w= 9 nsites= 12 E= 7.0e+001
 0.085327 0.826409 0.002936 0.085327
 0.003002 0.826409 0.085261 0.085327
 0.003002 0.002936 0.991059 0.003002
 0.085327 0.002936 0.826409 0.085327
 0.908801 0.002936 0.002936 0.085327
 0.085327 0.002936 0.002936 0.908801
 0.826476 0.002936 0.085261 0.085327
 0.003002 0.002936 0.002936 0.991126
 0.085327 0.167586 0.002936 0.744151

MOTIF 33-ATTCTCTTGMC STREME-33
letter-probability matrix: alength= 4 w= 11 nsites= 10 E= 7.0e+001
 0.810863 0.003200 0.182665 0.003273
 0.093005 0.003200 0.092932 0.810863
 0.003273 0.092932 0.003200 0.900595
 0.003273 0.810790 0.003200 0.182737
 0.003273 0.003200 0.003200 0.990327
 0.093005 0.810790 0.092932 0.003273
 0.003273 0.092932 0.003200 0.900595
 0.003273 0.092932 0.092932 0.810863
 0.093005 0.003200 0.900522 0.003273
 0.541666 0.451861 0.003200 0.003273
 0.272469 0.631326 0.003200 0.093005

MOTIF 34-AGGTTGTG STREME-34
letter-probability matrix: alength= 4 w= 8 nsites= 12 E= 7.0e+001
 0.875657 0.002914 0.084615 0.036815
 0.002980 0.002914 0.827725 0.166382
 0.002980 0.002914 0.991127 0.002980
 0.084681 0.140281 0.002914 0.772124
 0.248083 0.002914 0.166316 0.582688
 0.002980 0.084615 0.909426 0.002980
 0.002980 0.084615 0.002914 0.909492
 0.166382 0.002914 0.827725 0.002980

MOTIF 35-AAATGCCTGTAT STREME-35
letter-probability matrix: alength= 4 w= 12 nsites= 9 E= 7.0e+001
 0.932073 0.022473 0.022473 0.022982
 0.932073 0.022473 0.022473 0.022982
 0.932073 0.022473 0.022473 0.022982
 0.022982 0.022473 0.022473 0.932073
 0.022982 0.022473 0.931564 0.022982
 0.022982 0.931564 0.022473 0.022982
 0.022982 0.931564 0.022473 0.022982
 0.022982 0.022473 0.022473 0.932073
 0.022982 0.022473 0.931564 0.022982
 0.022982 0.022473 0.022473 0.932073
 0.932073 0.022473 0.022473 0.022982
 0.022982 0.022473 0.022473 0.932073

MOTIF 36-AAATTTCAAAT STREME-36
letter-probability matrix: alength= 4 w= 11 nsites= 9 E= 7.0e+001
 0.810764 0.003200 0.093043 0.092994
 0.900607 0.003200 0.003200 0.092994
 0.990328 0.003200 0.003200 0.003272
 0.003272 0.092921 0.092921 0.810886
 0.182715 0.003200 0.092921 0.721164
 0.092994 0.003200 0.003200 0.900607
 0.003272 0.900412 0.093043 0.003272
 0.810886 0.092921 0.092921 0.003272
 0.810886 0.182642 0.003200 0.003272
 0.810886 0.003200 0.003200 0.182715
 0.182715 0.003200 0.182642 0.631443

MOTIF 37-CTTGATCCC STREME-37
letter-probability matrix: alength= 4 w= 9 nsites= 9 E= 7.0e+001
 0.003816 0.945311 0.047058 0.003816
 0.003816 0.003731 0.003731 0.988722
 0.003816 0.003731 0.003731 0.988722
 0.003816 0.108351 0.884018 0.003816
 0.988722 0.003731 0.003731 0.003816
 0.108436 0.003731 0.003731 0.884102
 0.213056 0.674778 0.003731 0.108436
 0.003816 0.779398 0.003731 0.213056
 0.317676 0.674778 0.003731 0.003816

MOTIF 38-TTAWAWMCSCAACAW STREME-38
letter-probability matrix: alength= 4 w= 15 nsites= 9 E= 7.0e+001
 0.003987 0.003899 0.003899 0.988215
 0.003987 0.003899 0.003899 0.988215
 0.769564 0.113225 0.003899 0.113313
 0.441290 0.003899 0.003899 0.550913
 0.769564 0.003899 0.003899 0.222638
 0.660238 0.003899 0.003899 0.331964
 0.660238 0.331876 0.003899 0.003987
 0.003987 0.660150 0.113225 0.222638
 0.003987 0.550824 0.331876 0.113313
 0.222638 0.660150 0.003899 0.113313
 0.769564 0.222550 0.003899 0.003987
 0.769564 0.003899 0.003899 0.222638
 0.222638 0.769475 0.003899 0.003987
 0.878889 0.003899 0.003899 0.113313
 0.660238 0.003899 0.003899 0.331964

MOTIF 39-AATGAAAAATKA STREME-39
letter-probability matrix: alength= 4 w= 12 nsites= 8 E= 7.0e+001
 0.984911 0.004992 0.004992 0.005105
 0.984911 0.004992 0.004992 0.005105
 0.005105 0.004992 0.004992 0.984911
 0.145077 0.004992 0.844826 0.005105
 0.704967 0.004992 0.284937 0.005105
 0.844939 0.004992 0.144964 0.005105
 0.844939 0.004992 0.004992 0.145077
 0.704967 0.004992 0.284937 0.005105
 0.844939 0.144964 0.004992 0.005105
 0.005105 0.004992 0.004992 0.984911
 0.145077 0.004992 0.424909 0.425022
 0.704967 0.284937 0.004992 0.005105

MOTIF 40-ACGWTCCTSMM STREME-40
letter-probability matrix: alength= 4 w= 11 nsites= 8 E= 7.0e+001
 0.984917 0.004990 0.004990 0.005103
 0.005103 0.984804 0.004990 0.005103
 0.005103 0.004990 0.984804 0.005103
 0.424860 0.004990 0.004990 0.565160
 0.005103 0.004990 0.004990 0.984917
 0.145022 0.844885 0.004990 0.005103
 0.005103 0.844885 0.144909 0.005103
 0.005103 0.004990 0.004990 0.984917
 0.005103 0.285209 0.564666 0.145022
 0.564779 0.425128 0.004990 0.005103
 0.285322 0.424747 0.144909 0.145022

MOTIF 41-GCTTGCCGA STREME-41
letter-probability matrix: alength= 4 w= 9 nsites= 8 E= 7.0e+001
 0.022982 0.022473 0.931564 0.022982
 0.022982 0.931564 0.022473 0.022982
 0.022982 0.022473 0.022473 0.932073
 0.022982 0.022473 0.022473 0.932073
 0.022982 0.022473 0.931564 0.022982
 0.022982 0.931564 0.022473 0.022982
 0.022982 0.931564 0.022473 0.022982
 0.022982 0.022473 0.931564 0.022982
 0.932073 0.022473 0.022473 0.022982

MOTIF 42-GGTTAAGAAA STREME-42
letter-probability matrix: alength= 4 w= 10 nsites= 8 E= 7.0e+001
 0.005103 0.144909 0.704966 0.145022
 0.005103 0.004990 0.984804 0.005103
 0.145022 0.144909 0.144909 0.565160
 0.005103 0.004990 0.004990 0.984917
 0.984917 0.004990 0.004990 0.005103
 0.984917 0.004990 0.004990 0.005103
 0.005103 0.144909 0.844885 0.005103
 0.844998 0.144909 0.004990 0.005103
 0.705079 0.144909 0.004990 0.145022
 0.984917 0.004990 0.004990 0.005103

MOTIF 43-GTCACGGTC STREME-43
letter-probability matrix: alength= 4 w= 9 nsites= 8 E= 7.0e+001
 0.003594 0.003515 0.989297 0.003594
 0.003594 0.003515 0.003515 0.989376
 0.003594 0.890745 0.102066 0.003594
 0.693722 0.102066 0.003515 0.200697
 0.003594 0.989297 0.003515 0.003594
 0.003594 0.102066 0.792194 0.102146
 0.003594 0.003515 0.989297 0.003594
 0.200697 0.102066 0.102066 0.595171
 0.102146 0.693643 0.102066 0.102146

MOTIF 44-ATCTGGCAAKC STREME-44
letter-probability matrix: alength= 4 w= 11 nsites= 10 E= 7.0e+001
 0.890825 0.003515 0.003515 0.102146
 0.003594 0.003515 0.200617 0.792274
 0.102146 0.792194 0.102066 0.003594
 0.102146 0.003515 0.102066 0.792274
 0.003594 0.003515 0.890745 0.102146
 0.003594 0.102066 0.890745 0.003594
 0.003594 0.693374 0.102066 0.200965
 0.890825 0.102066 0.003515 0.003594
 0.890825 0.102066 0.003515 0.003594
 0.003594 0.102066 0.299437 0.594903
 0.102146 0.792194 0.102066 0.003594

MOTIF 45-ACWAACGC STREME-45
letter-probability matrix: alength= 4 w= 8 nsites= 7 E= 7.0e+001
 0.982487 0.005794 0.005794 0.005925
 0.005925 0.982355 0.005794 0.005925
 0.657114 0.005794 0.005794 0.331298
 0.982487 0.005794 0.005794 0.005925
 0.982487 0.005794 0.005794 0.005925
 0.005925 0.982355 0.005794 0.005925
 0.005925 0.005794 0.819890 0.168391
 0.005925 0.982355 0.005794 0.005925

MOTIF 46-AGGASCGCA STREME-46
letter-probability matrix: alength= 4 w= 9 nsites= 7 E= 7.0e+001
 0.982471 0.005799 0.005799 0.005931
 0.168540 0.005799 0.819730 0.005931
 0.005931 0.005799 0.982340 0.005931
 0.982471 0.005799 0.005799 0.005931
 0.005931 0.656679 0.331460 0.005931
 0.005931 0.982340 0.005799 0.005931
 0.005931 0.005799 0.982340 0.005931
 0.005931 0.982340 0.005799 0.005931
 0.819862 0.005799 0.168409 0.005931

MOTIF 47-CAATWSCAATMKC STREME-47
letter-probability matrix: alength= 4 w= 13 nsites= 7 E= 7.0e+001
 0.005936 0.982324 0.005804 0.005936
 0.982455 0.005804 0.005804 0.005936
 0.819702 0.005804 0.005804 0.168689
 0.005936 0.005804 0.005804 0.982455
 0.656949 0.005804 0.005804 0.331442
 0.005936 0.331311 0.494064 0.168689
 0.005936 0.982324 0.005804 0.005936
 0.656949 0.168558 0.005804 0.168689
 0.819702 0.168558 0.005804 0.005936
 0.005936 0.005804 0.168558 0.819702
 0.494196 0.494064 0.005804 0.005936
 0.005936 0.005804 0.331311 0.656949
 0.005936 0.982324 0.005804 0.005936

MOTIF 48-GGATATGG STREME-48
letter-probability matrix: alength= 4 w= 8 nsites= 7 E= 7.0e+001
 0.022982 0.022473 0.931564 0.022982
 0.022982 0.022473 0.931564 0.022982
 0.932073 0.022473 0.022473 0.022982
 0.022982 0.022473 0.022473 0.932073
 0.932073 0.022473 0.022473 0.022982
 0.022982 0.022473 0.022473 0.932073
 0.022982 0.022473 0.931564 0.022982
 0.022982 0.022473 0.931564 0.022982

MOTIF 49-CGTCAACA STREME-49
letter-probability matrix: alength= 4 w= 8 nsites= 9 E= 7.0e+001
 0.022982 0.931564 0.022473 0.022982
 0.022982 0.022473 0.931564 0.022982
 0.022982 0.022473 0.022473 0.932073
 0.022982 0.931564 0.022473 0.022982
 0.932073 0.022473 0.022473 0.022982
 0.932073 0.022473 0.022473 0.022982
 0.022982 0.931564 0.022473 0.022982
 0.932073 0.022473 0.022473 0.022982

MOTIF 50-AACGGCGAAAAC STREME-50
letter-probability matrix: alength= 4 w= 12 nsites= 6 E= 7.0e+001
 0.982455 0.005804 0.005804 0.005936
 0.982455 0.005804 0.005804 0.005936
 0.005936 0.982324 0.005804 0.005936
 0.005936 0.005804 0.982324 0.005936
 0.168689 0.005804 0.819571 0.005936
 0.168689 0.819571 0.005804 0.005936
 0.005936 0.168558 0.819571 0.005936
 0.656949 0.168558 0.168558 0.005936
 0.982455 0.005804 0.005804 0.005936
 0.656949 0.005804 0.168558 0.168689
 0.494196 0.168558 0.168558 0.168689
 0.168689 0.819571 0.005804 0.005936

MOTIF 51-ACATAAAGCA STREME-51
letter-probability matrix: alength= 4 w= 10 nsites= 6 E= 7.0e+001
 0.590263 0.006933 0.201324 0.201481
 0.007090 0.784497 0.006933 0.201481
 0.979045 0.006933 0.006933 0.007090
 0.007090 0.006933 0.201324 0.784654
 0.979045 0.006933 0.006933 0.007090
 0.979045 0.006933 0.006933 0.007090
 0.979045 0.006933 0.006933 0.007090
 0.007090 0.006933 0.978888 0.007090
 0.007090 0.978888 0.006933 0.007090
 0.979045 0.006933 0.006933 0.007090

MOTIF 52-AGGTKTCGY STREME-52
letter-probability matrix: alength= 4 w= 9 nsites= 6 E= 7.0e+001
 0.982455 0.005804 0.005804 0.005936
 0.005936 0.005804 0.982324 0.005936
 0.005936 0.005804 0.982324 0.005936
 0.005936 0.005804 0.005804 0.982455
 0.005936 0.168558 0.494064 0.331442
 0.005936 0.168558 0.005804 0.819702
 0.005936 0.819571 0.005804 0.168689
 0.005936 0.005804 0.982324 0.005936
 0.005936 0.494064 0.005804 0.494196

MOTIF 53-ATCAATCC STREME-53
letter-probability matrix: alength= 4 w= 8 nsites= 6 E= 7.0e+001
 0.932073 0.022473 0.022473 0.022982
 0.022982 0.022473 0.022473 0.932073
 0.022982 0.931564 0.022473 0.022982
 0.932073 0.022473 0.022473 0.022982
 0.932073 0.022473 0.022473 0.022982
 0.022982 0.022473 0.022473 0.932073
 0.022982 0.931564 0.022473 0.022982
 0.022982 0.931564 0.022473 0.022982

MOTIF 54-CAAAGTGMATYAC STREME-54
letter-probability matrix: alength= 4 w= 13 nsites= 6 E= 7.0e+001
 0.005936 0.819571 0.168558 0.005936
 0.982455 0.005804 0.005804 0.005936
 0.982455 0.005804 0.005804 0.005936
 0.819702 0.005804 0.005804 0.168689
 0.005936 0.168558 0.656817 0.168689
 0.005936 0.005804 0.005804 0.982455
 0.005936 0.005804 0.982324 0.005936
 0.331442 0.656817 0.005804 0.005936
 0.656949 0.168558 0.168558 0.005936
 0.168689 0.005804 0.005804 0.819702
 0.005936 0.331311 0.168558 0.494196
 0.819702 0.005804 0.168558 0.005936
 0.168689 0.819571 0.005804 0.005936

MOTIF 55-CCCGATGCG STREME-55
letter-probability matrix: alength= 4 w= 9 nsites= 6 E= 7.0e+001
 0.022982 0.931564 0.022473 0.022982
 0.022982 0.931564 0.022473 0.022982
 0.022982 0.931564 0.022473 0.022982
 0.022982 0.022473 0.931564 0.022982
 0.932073 0.022473 0.022473 0.022982
 0.022982 0.022473 0.022473 0.932073
 0.022982 0.022473 0.931564 0.022982
 0.022982 0.931564 0.022473 0.022982
 0.022982 0.022473 0.931564 0.022982

MOTIF 56-CGGTAMACCA STREME-56
letter-probability matrix: alength= 4 w= 10 nsites= 6 E= 7.0e+001
 0.005933 0.656969 0.168483 0.168614
 0.005933 0.005802 0.982332 0.005933
 0.005933 0.005802 0.982332 0.005933
 0.005933 0.005802 0.005802 0.982463
 0.819782 0.005802 0.005802 0.168614
 0.657101 0.331164 0.005802 0.005933
 0.982463 0.005802 0.005802 0.005933
 0.005933 0.982332 0.005802 0.005933
 0.005933 0.819651 0.005802 0.168614
 0.657101 0.168483 0.005802 0.168614

MOTIF 57-GATTGTTAD STREME-57
letter-probability matrix: alength= 4 w= 9 nsites= 6 E= 7.0e+001
 0.007086 0.006929 0.978899 0.007086
 0.979056 0.006929 0.006929 0.007086
 0.007086 0.006929 0.006929 0.979056
 0.201374 0.006929 0.006929 0.784768
 0.007086 0.006929 0.978899 0.007086
 0.007086 0.006929 0.006929 0.979056
 0.007086 0.006929 0.006929 0.979056
 0.979056 0.006929 0.006929 0.007086
 0.396191 0.006929 0.201217 0.395663

MOTIF 58-WCTTGCGCS STREME-58
letter-probability matrix: alength= 4 w= 9 nsites= 6 E= 7.0e+001
 0.494201 0.168409 0.005799 0.331591
 0.005931 0.982340 0.005799 0.005931
 0.005931 0.005799 0.005799 0.982471
 0.005931 0.005799 0.005799 0.982471
 0.005931 0.005799 0.982340 0.005931
 0.005931 0.982340 0.005799 0.005931
 0.005931 0.005799 0.982340 0.005931
 0.005931 0.982340 0.005799 0.005931
 0.005931 0.656679 0.331460 0.005931

MOTIF 59-WGTTACSYA STREME-59
letter-probability matrix: alength= 4 w= 9 nsites= 6 E= 7.0e+001
 0.657101 0.005802 0.005802 0.331296
 0.005933 0.005802 0.982332 0.005933
 0.168614 0.005802 0.005802 0.819782
 0.005933 0.168483 0.005802 0.819782
 0.982463 0.005802 0.005802 0.005933
 0.005933 0.819651 0.005802 0.168614
 0.005933 0.656527 0.331607 0.005933
 0.005933 0.331607 0.005802 0.656658
 0.982463 0.005802 0.005802 0.005933

MOTIF 60-AAACCAAATC STREME-60
letter-probability matrix: alength= 4 w= 10 nsites= 5 E= 7.0e+001
 0.732867 0.008600 0.008600 0.249933
 0.974006 0.008600 0.008600 0.008795
 0.974006 0.008600 0.008600 0.008795
 0.008795 0.973811 0.008600 0.008795
 0.008795 0.973811 0.008600 0.008795
 0.974006 0.008600 0.008600 0.008795
 0.974006 0.008600 0.008600 0.008795
 0.974006 0.008600 0.008600 0.008795
 0.008795 0.249739 0.008600 0.732867
 0.008795 0.973811 0.008600 0.008795

MOTIF 61-ACTAAAAT STREME-61
letter-probability matrix: alength= 4 w= 8 nsites= 5 E= 7.0e+001
 0.974040 0.008589 0.008589 0.008783
 0.008783 0.973845 0.008589 0.008783
 0.008783 0.008589 0.008589 0.974040
 0.974040 0.008589 0.008589 0.008783
 0.733218 0.008589 0.249411 0.008783
 0.974040 0.008589 0.008589 0.008783
 0.974040 0.008589 0.008589 0.008783
 0.008783 0.008589 0.008589 0.974040

MOTIF 62-ARAGGCAA STREME-62
letter-probability matrix: alength= 4 w= 8 nsites= 5 E= 7.0e+001
 0.974023 0.008594 0.008594 0.008789
 0.491406 0.008594 0.491211 0.008789
 0.974023 0.008594 0.008594 0.008789
 0.008789 0.008594 0.973828 0.008789
 0.008789 0.008594 0.973828 0.008789
 0.008789 0.973828 0.008594 0.008789
 0.974023 0.008594 0.008594 0.008789
 0.974023 0.008594 0.008594 0.008789

MOTIF 63-ATGATCGTC STREME-63
letter-probability matrix: alength= 4 w= 9 nsites= 5 E= 7.0e+001
 0.979056 0.006929 0.006929 0.007086
 0.007086 0.201217 0.006929 0.784768
 0.201374 0.006929 0.784611 0.007086
 0.784768 0.201217 0.006929 0.007086
 0.007086 0.006929 0.006929 0.979056
 0.007086 0.978899 0.006929 0.007086
 0.007086 0.006929 0.978899 0.007086
 0.007086 0.201217 0.006929 0.784768
 0.007086 0.978899 0.006929 0.007086

MOTIF 64-CCGATTCCATC STREME-64
letter-probability matrix: alength= 4 w= 11 nsites= 5 E= 7.0e+001
 0.022982 0.931564 0.022473 0.022982
 0.022982 0.931564 0.022473 0.022982
 0.022982 0.022473 0.931564 0.022982
 0.932073 0.022473 0.022473 0.022982
 0.022982 0.022473 0.022473 0.932073
 0.022982 0.022473 0.022473 0.932073
 0.022982 0.931564 0.022473 0.022982
 0.022982 0.931564 0.022473 0.022982
 0.932073 0.022473 0.022473 0.022982
 0.022982 0.022473 0.022473 0.932073
 0.022982 0.931564 0.022473 0.022982

MOTIF 65-CGCCCGCAT STREME-65
letter-probability matrix: alength= 4 w= 9 nsites= 5 E= 7.0e+001
 0.007086 0.978899 0.006929 0.007086
 0.201374 0.201217 0.590322 0.007086
 0.007086 0.978899 0.006929 0.007086
 0.007086 0.978899 0.006929 0.007086
 0.007086 0.978899 0.006929 0.007086
 0.007086 0.006929 0.978899 0.007086
 0.007086 0.978899 0.006929 0.007086
 0.979056 0.006929 0.006929 0.007086
 0.007086 0.201217 0.006929 0.784768

MOTIF 66-GAGTTGTA STREME-66
letter-probability matrix: alength= 4 w= 8 nsites= 5 E= 7.0e+001
 0.022982 0.022473 0.931564 0.022982
 0.932073 0.022473 0.022473 0.022982
 0.022982 0.022473 0.931564 0.022982
 0.022982 0.022473 0.022473 0.932073
 0.022982 0.022473 0.022473 0.932073
 0.022982 0.022473 0.931564 0.022982
 0.022982 0.022473 0.022473 0.932073
 0.932073 0.022473 0.022473 0.022982

MOTIF 67-TTGCGCAA STREME-67
letter-probability matrix: alength= 4 w= 8 nsites= 5 E= 7.0e+001
 0.022982 0.022473 0.022473 0.932073
 0.022982 0.022473 0.022473 0.932073
 0.022982 0.022473 0.931564 0.022982
 0.022982 0.931564 0.022473 0.022982
 0.022982 0.022473 0.931564 0.022982
 0.022982 0.931564 0.022473 0.022982
 0.932073 0.022473 0.022473 0.022982
 0.932073 0.022473 0.022473 0.022982

MOTIF 68-CCTCGCG STREME-68
letter-probability matrix: alength= 4 w= 7 nsites= 10 E= 7.0e+001
 0.022982 0.931564 0.022473 0.022982
 0.022982 0.931564 0.022473 0.022982
 0.022982 0.022473 0.022473 0.932073
 0.022982 0.931564 0.022473 0.022982
 0.022982 0.022473 0.931564 0.022982
 0.022982 0.931564 0.022473 0.022982
 0.022982 0.022473 0.931564 0.022982

MOTIF 69-ATGGAC STREME-69
letter-probability matrix: alength= 4 w= 6 nsites= 11 E= 7.0e+001
 0.932073 0.022473 0.022473 0.022982
 0.022982 0.022473 0.022473 0.932073
 0.022982 0.022473 0.931564 0.022982
 0.022982 0.022473 0.931564 0.022982
 0.932073 0.022473 0.022473 0.022982
 0.022982 0.931564 0.022473 0.022982

MOTIF 70-AGCCTTCAAGKMA STREME-70
letter-probability matrix: alength= 4 w= 13 nsites= 4 E= 7.0e+001
 0.973989 0.008605 0.008605 0.008800
 0.008800 0.008605 0.973794 0.008800
 0.008800 0.973794 0.008605 0.008800
 0.250097 0.732497 0.008605 0.008800
 0.008800 0.008605 0.249903 0.732692
 0.008800 0.008605 0.008605 0.973989
 0.008800 0.973794 0.008605 0.008800
 0.973989 0.008605 0.008605 0.008800
 0.732692 0.008605 0.249903 0.008800
 0.008800 0.008605 0.973794 0.008800
 0.008800 0.008605 0.491200 0.491395
 0.491395 0.491200 0.008605 0.008800
 0.732692 0.008605 0.249903 0.008800

********************************************************************************
Stopped because maximum number of motifs (70) reached.
********************************************************************************
COMMAND:	streme --p /root/autodl-tmp/zwk/evosnr_0605/preprocessing/cache/promoters_memeAgrobacterium tumefaciens str C58_t.fasta --dna --minw 4 --maxw 15 --nmotifs 70 --oc /root/autodl-tmp/zwk/evosnr_0605/data/Agro/motifs/streme/
********************************************************************************
CPU:		autodl-container-c9174bac52-67f5215a
********************************************************************************
FINALTIME:	30.66 seconds
********************************************************************************
