********************************************************************************
STREME - Sensitive, Thorough, Rapid, Enriched Motif Elicitation
********************************************************************************
MEME version 5.5.8 (Release date: Thu May 15 15:01:46 2025 -0700)

For further information on how to interpret these results please access https://meme-suite.org/meme.
To get a copy of the MEME Suite software please access https://meme-suite.org.

********************************************************************************


********************************************************************************
REFERENCE
********************************************************************************
If you use this program in your research, please cite:

Timothy L. Bailey,
"STREME: accurate and versatile sequence motif discovery",
Bioinformatics, Mar. 24, 2021.
********************************************************************************


ALPHABET= ACGT

strands: + -

Background letter frequencies
A 0.272 C 0.228 G 0.228 T 0.272 

MOTIF 1-CCTGGCGR STREME-1
letter-probability matrix: alength= 4 w= 8 nsites= 72 E= 2.4e-001
 0.003956 0.934154 0.034815 0.027075
 0.094906 0.869607 0.034815 0.000672
 0.017784 0.034815 0.017673 0.929728
 0.000672 0.000562 0.969343 0.029423
 0.000672 0.086285 0.707948 0.205095
 0.209401 0.772253 0.017673 0.000672
 0.000672 0.000562 0.998093 0.000672
 0.633660 0.000562 0.347995 0.017784

MOTIF 2-CGTWGYAAGK STREME-2
letter-probability matrix: alength= 4 w= 10 nsites= 30 E= 2.3e+000
 0.001495 0.995762 0.001249 0.001495
 0.039525 0.001249 0.957732 0.001495
 0.001495 0.001249 0.001249 0.996008
 0.383680 0.001249 0.077376 0.537696
 0.077622 0.001249 0.919635 0.001495
 0.001495 0.613510 0.001249 0.383746
 0.996008 0.001249 0.001249 0.001495
 0.957978 0.001249 0.039279 0.001495
 0.001495 0.039279 0.957732 0.001495
 0.001495 0.001249 0.499419 0.497837

MOTIF 3-CTTCATCCKSRA STREME-3
letter-probability matrix: alength= 4 w= 12 nsites= 25 E= 2.3e+000
 0.001847 0.994763 0.001543 0.001847
 0.001847 0.001543 0.001543 0.995067
 0.001847 0.001543 0.001543 0.995067
 0.001847 0.994763 0.001543 0.001847
 0.948072 0.001543 0.001543 0.048842
 0.001847 0.001543 0.001543 0.995067
 0.001847 0.994763 0.001543 0.001847
 0.001847 0.994763 0.001543 0.001847
 0.142832 0.001543 0.332250 0.523376
 0.001847 0.379245 0.570067 0.048842
 0.523376 0.048538 0.426240 0.001847
 0.995067 0.001543 0.001543 0.001847

MOTIF 4-AWAGCG STREME-4
letter-probability matrix: alength= 4 w= 6 nsites= 147 E= 3.5e+000
 0.995768 0.001324 0.001324 0.001584
 0.509141 0.001324 0.001324 0.488211
 0.995768 0.001324 0.001324 0.001584
 0.001584 0.001324 0.995507 0.001584
 0.001584 0.768169 0.001324 0.228923
 0.001584 0.001324 0.995507 0.001584

MOTIF 5-ATCAGGAWGATG STREME-5
letter-probability matrix: alength= 4 w= 12 nsites= 24 E= 7.2e+000
 0.779477 0.217409 0.001417 0.001696
 0.001696 0.001417 0.001417 0.995469
 0.044864 0.908854 0.001417 0.044864
 0.995469 0.001417 0.001417 0.001696
 0.088032 0.001417 0.865686 0.044864
 0.088032 0.044585 0.822518 0.044864
 0.736385 0.001417 0.130921 0.131276
 0.347343 0.001417 0.044585 0.606654
 0.174368 0.001417 0.822518 0.001696
 0.865889 0.001417 0.001417 0.131276
 0.088184 0.174089 0.044585 0.693142
 0.088032 0.260804 0.606299 0.044864

MOTIF 6-CACCGCCGCR STREME-6
letter-probability matrix: alength= 4 w= 10 nsites= 36 E= 9.9e+000
 0.000833 0.976449 0.000696 0.022022
 0.870416 0.000696 0.106866 0.022022
 0.000833 0.658348 0.127944 0.212875
 0.128192 0.870279 0.000696 0.000833
 0.064438 0.255340 0.679389 0.000833
 0.085627 0.849239 0.000696 0.064438
 0.170609 0.785484 0.021885 0.022022
 0.000833 0.064301 0.912844 0.022022
 0.297707 0.700764 0.000696 0.000833
 0.318897 0.085490 0.425005 0.170608

MOTIF 7-CGTTATCCKTK STREME-7
letter-probability matrix: alength= 4 w= 11 nsites= 28 E= 9.9e+000
 0.001556 0.995587 0.001300 0.001556
 0.001556 0.001300 0.995587 0.001556
 0.080768 0.040906 0.001300 0.877025
 0.001556 0.040906 0.001300 0.956237
 0.837211 0.001300 0.001300 0.160188
 0.080838 0.001300 0.001300 0.916562
 0.001556 0.995587 0.001300 0.001556
 0.041162 0.757882 0.120187 0.080768
 0.001556 0.080512 0.437242 0.480689
 0.001556 0.001300 0.001300 0.995843
 0.160188 0.040906 0.480433 0.318472

MOTIF 8-SGTATAATGCG STREME-8
letter-probability matrix: alength= 4 w= 11 nsites= 44 E= 2.0e+001
 0.050737 0.623859 0.324427 0.000978
 0.000978 0.200072 0.797972 0.000978
 0.000978 0.025697 0.000817 0.972509
 0.997388 0.000817 0.000817 0.000978
 0.175310 0.075456 0.175018 0.574216
 0.872947 0.100379 0.025697 0.000978
 0.823100 0.125346 0.000817 0.050737
 0.000978 0.000817 0.025697 0.972509
 0.249992 0.150138 0.598892 0.000978
 0.000978 0.997228 0.000817 0.000978
 0.175222 0.175018 0.648782 0.000978

MOTIF 9-ACGCMAAAMGK STREME-9
letter-probability matrix: alength= 4 w= 11 nsites= 19 E= 2.0e+001
 0.994521 0.001714 0.001714 0.002051
 0.210819 0.785417 0.001714 0.002051
 0.002051 0.001714 0.837517 0.158718
 0.002051 0.994184 0.001714 0.002051
 0.472145 0.524091 0.001714 0.002051
 0.785662 0.210573 0.001714 0.002051
 0.994521 0.001714 0.001714 0.002051
 0.994521 0.001714 0.001714 0.002051
 0.472236 0.367148 0.001714 0.158902
 0.106435 0.001714 0.732950 0.158902
 0.002051 0.001714 0.419523 0.576712

MOTIF 10-GACAAGCG STREME-10
letter-probability matrix: alength= 4 w= 8 nsites= 13 E= 2.0e+001
 0.002777 0.002320 0.992126 0.002777
 0.921917 0.002320 0.002320 0.073442
 0.002777 0.921461 0.072985 0.002777
 0.921917 0.002320 0.002320 0.073442
 0.780464 0.002320 0.002320 0.214896
 0.002777 0.002320 0.992126 0.002777
 0.073442 0.780131 0.072985 0.073442
 0.285809 0.002320 0.638429 0.073442

MOTIF 11-AATTTTTMGT STREME-11
letter-probability matrix: alength= 4 w= 10 nsites= 10 E= 2.0e+001
 0.879302 0.003587 0.112819 0.004293
 0.988534 0.003587 0.003587 0.004293
 0.113525 0.003587 0.003587 0.879302
 0.004293 0.003587 0.003587 0.988534
 0.004293 0.003587 0.003587 0.988534
 0.113525 0.003587 0.003587 0.879302
 0.004293 0.003587 0.003587 0.988534
 0.660262 0.331859 0.003587 0.004293
 0.004293 0.003587 0.987828 0.004293
 0.004293 0.003587 0.003587 0.988534

MOTIF 12-ATTCCAY STREME-12
letter-probability matrix: alength= 4 w= 7 nsites= 38 E= 2.8e+001
 0.995482 0.001413 0.001413 0.001691
 0.001691 0.148651 0.156860 0.692798
 0.001691 0.001413 0.001413 0.995482
 0.001691 0.995204 0.001413 0.001691
 0.001691 0.698020 0.001413 0.298876
 0.995482 0.001413 0.001413 0.001691
 0.001691 0.416690 0.001413 0.580205

MOTIF 13-CAAATCAYA STREME-13
letter-probability matrix: alength= 4 w= 9 nsites= 26 E= 3.0e+001
 0.001696 0.952040 0.001417 0.044847
 0.822789 0.001417 0.087796 0.087999
 0.995470 0.001417 0.001417 0.001696
 0.909092 0.087796 0.001417 0.001696
 0.001696 0.044568 0.001417 0.952319
 0.044847 0.908888 0.044568 0.001696
 0.995470 0.001417 0.001417 0.001696
 0.131378 0.347464 0.001417 0.519741
 0.865940 0.087796 0.001417 0.044847

MOTIF 14-ACCTTCTTT STREME-14
letter-probability matrix: alength= 4 w= 9 nsites= 25 E= 3.0e+001
 0.914290 0.001336 0.082775 0.001599
 0.042283 0.873415 0.001336 0.082966
 0.001599 0.995466 0.001336 0.001599
 0.042283 0.123602 0.001336 0.832780
 0.001599 0.042020 0.082775 0.873607
 0.001599 0.978605 0.001336 0.018460
 0.042283 0.001336 0.123459 0.832923
 0.042283 0.245868 0.164142 0.547707
 0.123650 0.082703 0.164500 0.629146

MOTIF 15-AAAATAAAAABR STREME-15
letter-probability matrix: alength= 4 w= 12 nsites= 21 E= 3.0e+001
 0.994519 0.001715 0.001715 0.002052
 0.733348 0.001715 0.106238 0.158699
 0.681132 0.001715 0.315101 0.002052
 0.994519 0.001715 0.001715 0.002052
 0.002052 0.106146 0.158362 0.733440
 0.994519 0.001715 0.001715 0.002052
 0.837871 0.001715 0.158362 0.002052
 0.994519 0.001715 0.001715 0.002052
 0.890087 0.106146 0.001715 0.002052
 0.733257 0.001715 0.106238 0.158791
 0.002052 0.419624 0.210578 0.367746
 0.263223 0.053930 0.471840 0.211007

MOTIF 16-ATGCCC STREME-16
letter-probability matrix: alength= 4 w= 6 nsites= 22 E= 3.0e+001
 0.933855 0.020691 0.020691 0.024764
 0.024764 0.020691 0.020691 0.933855
 0.024764 0.020691 0.929782 0.024764
 0.024764 0.929782 0.020691 0.024764
 0.024764 0.929782 0.020691 0.024764
 0.024764 0.929782 0.020691 0.024764

MOTIF 17-ACTTTACC STREME-17
letter-probability matrix: alength= 4 w= 8 nsites= 33 E= 3.3e+001
 0.880464 0.001863 0.001863 0.115809
 0.002230 0.993677 0.001863 0.002230
 0.058970 0.025379 0.058603 0.857048
 0.115809 0.001863 0.058603 0.823724
 0.002230 0.001863 0.001863 0.994044
 0.880464 0.115443 0.001863 0.002230
 0.097563 0.874828 0.025379 0.002230
 0.089778 0.792550 0.001863 0.115809

MOTIF 18-ACGTCAAC STREME-18
letter-probability matrix: alength= 4 w= 8 nsites= 25 E= 3.5e+001
 0.850889 0.049572 0.097653 0.001886
 0.001886 0.946655 0.001576 0.049882
 0.001886 0.001576 0.898575 0.097963
 0.001886 0.082218 0.049572 0.866323
 0.049882 0.946655 0.001576 0.001886
 0.946966 0.049572 0.001576 0.001886
 0.802893 0.049572 0.049572 0.097963
 0.001886 0.802498 0.097653 0.097963

MOTIF 19-MGTATTATC STREME-19
letter-probability matrix: alength= 4 w= 9 nsites= 22 E= 3.5e+001
 0.538031 0.457869 0.001866 0.002234
 0.002234 0.001866 0.993666 0.002234
 0.002234 0.229817 0.058704 0.709245
 0.709445 0.001866 0.286455 0.002234
 0.002234 0.001866 0.115642 0.880258
 0.002234 0.001866 0.001866 0.994034
 0.937196 0.001866 0.058704 0.002234
 0.002234 0.001866 0.229817 0.766083
 0.002234 0.936828 0.058704 0.002234

MOTIF 20-TCGGGYAAAA STREME-20
letter-probability matrix: alength= 4 w= 10 nsites= 37 E= 4.0e+001
 0.000936 0.048391 0.010648 0.940026
 0.129867 0.749350 0.048391 0.072392
 0.000936 0.096043 0.630159 0.272863
 0.000936 0.082104 0.844569 0.072392
 0.024740 0.072238 0.902086 0.000936
 0.072392 0.381951 0.000782 0.544876
 0.830742 0.024586 0.119931 0.024740
 0.926087 0.000782 0.024586 0.048545
 0.997501 0.000782 0.000782 0.000936
 0.854672 0.119806 0.000782 0.024740

MOTIF 21-TGCTAAAAT STREME-21
letter-probability matrix: alength= 4 w= 9 nsites= 22 E= 4.0e+001
 0.191046 0.001551 0.001551 0.805852
 0.049092 0.001551 0.947501 0.001856
 0.001856 0.994736 0.001551 0.001856
 0.001856 0.001551 0.001551 0.995042
 0.995042 0.001551 0.001551 0.001856
 0.758700 0.237893 0.001551 0.001856
 0.900571 0.048786 0.048786 0.001856
 0.758700 0.190658 0.048786 0.001856
 0.001856 0.143506 0.001551 0.853087

MOTIF 22-CTCAACGATC STREME-22
letter-probability matrix: alength= 4 w= 10 nsites= 24 E= 4.0e+001
 0.002165 0.718274 0.056907 0.222653
 0.057263 0.001809 0.056907 0.884021
 0.002165 0.993860 0.001809 0.002165
 0.994216 0.001809 0.001809 0.002165
 0.718534 0.056907 0.001809 0.222750
 0.057263 0.938762 0.001809 0.002165
 0.057263 0.001809 0.828567 0.112361
 0.773825 0.112005 0.056907 0.057263
 0.277751 0.001809 0.001809 0.718631
 0.002165 0.773372 0.001809 0.222653

MOTIF 23-AAGTCMCGAAAA STREME-23
letter-probability matrix: alength= 4 w= 12 nsites= 19 E= 4.0e+001
 0.621784 0.187783 0.002032 0.188401
 0.993504 0.002032 0.002032 0.002432
 0.250173 0.002032 0.683483 0.064313
 0.002432 0.002032 0.002032 0.993504
 0.002432 0.993104 0.002032 0.002432
 0.312271 0.621384 0.002032 0.064313
 0.002432 0.993104 0.002032 0.002432
 0.002432 0.125902 0.869234 0.002432
 0.869742 0.002032 0.125794 0.002432
 0.622002 0.002032 0.187783 0.188183
 0.559686 0.188001 0.249882 0.002432
 0.745655 0.002032 0.249882 0.002432

MOTIF 24-AARAGGCG STREME-24
letter-probability matrix: alength= 4 w= 8 nsites= 18 E= 4.0e+001
 0.993915 0.001903 0.001903 0.002278
 0.993915 0.001903 0.001903 0.002278
 0.351628 0.001903 0.644190 0.002278
 0.993915 0.001903 0.001903 0.002278
 0.002278 0.001903 0.993540 0.002278
 0.002278 0.001903 0.993540 0.002278
 0.060248 0.935571 0.001903 0.002278
 0.002278 0.001903 0.993540 0.002278

MOTIF 25-ACATAGGWTM STREME-25
letter-probability matrix: alength= 4 w= 10 nsites= 17 E= 4.0e+001
 0.994650 0.001673 0.001673 0.002003
 0.052965 0.943359 0.001673 0.002003
 0.841764 0.001673 0.001673 0.154889
 0.002003 0.001673 0.205522 0.790802
 0.892726 0.001673 0.001673 0.103927
 0.002003 0.001673 0.994321 0.002003
 0.023124 0.001673 0.973200 0.002003
 0.565832 0.001673 0.001673 0.430821
 0.103927 0.001673 0.103598 0.790802
 0.379859 0.514540 0.001673 0.103927

MOTIF 26-CTCCGGCT STREME-26
letter-probability matrix: alength= 4 w= 8 nsites= 17 E= 4.0e+001
 0.002164 0.938810 0.056863 0.002164
 0.057219 0.001808 0.001808 0.939166
 0.002164 0.993865 0.001808 0.002164
 0.057219 0.828699 0.056863 0.057219
 0.002164 0.222609 0.718008 0.057219
 0.002164 0.001808 0.993865 0.002164
 0.112371 0.883658 0.001808 0.002164
 0.167619 0.056863 0.001808 0.773710

MOTIF 27-ATAATGTGMGA STREME-27
letter-probability matrix: alength= 4 w= 11 nsites= 16 E= 4.0e+001
 0.921879 0.002321 0.002321 0.073478
 0.073478 0.002321 0.002321 0.921879
 0.992579 0.002321 0.002321 0.002778
 0.921879 0.073021 0.002321 0.002778
 0.002778 0.002321 0.002321 0.992579
 0.285578 0.002321 0.709322 0.002778
 0.144178 0.002321 0.073021 0.780479
 0.002778 0.073021 0.921422 0.002778
 0.356278 0.497222 0.143722 0.002778
 0.214878 0.073021 0.638622 0.073478
 0.639079 0.002321 0.214422 0.144178

MOTIF 28-TTGACTCAAA STREME-28
letter-probability matrix: alength= 4 w= 10 nsites= 18 E= 4.0e+001
 0.001821 0.001521 0.001521 0.995137
 0.001821 0.001521 0.233325 0.763333
 0.094477 0.094259 0.697586 0.113678
 0.902399 0.001521 0.094259 0.001821
 0.001821 0.948509 0.001521 0.048149
 0.001821 0.001521 0.001521 0.995137
 0.048149 0.902181 0.001521 0.048149
 0.716678 0.047850 0.047850 0.187623
 0.604740 0.094259 0.252852 0.048149
 0.809742 0.140587 0.001521 0.048149

MOTIF 29-CCCCGCGCCKSA STREME-29
letter-probability matrix: alength= 4 w= 12 nsites= 13 E= 4.0e+001
 0.003521 0.990017 0.002942 0.003521
 0.003521 0.720772 0.272187 0.003521
 0.003521 0.720772 0.002942 0.272766
 0.182860 0.810678 0.002942 0.003521
 0.182860 0.002942 0.810678 0.003521
 0.003521 0.990017 0.002942 0.003521
 0.003521 0.002942 0.990017 0.003521
 0.003521 0.900426 0.002942 0.093112
 0.003521 0.990017 0.002942 0.003521
 0.003521 0.002942 0.362251 0.631287
 0.003521 0.362251 0.541117 0.093112
 0.990596 0.002942 0.002942 0.003521

MOTIF 30-ATGGGGMHGG STREME-30
letter-probability matrix: alength= 4 w= 10 nsites= 16 E= 4.0e+001
 0.993077 0.002166 0.002166 0.002592
 0.134502 0.002166 0.002166 0.861167
 0.002592 0.002166 0.992650 0.002592
 0.002592 0.002166 0.992650 0.002592
 0.002592 0.002166 0.992650 0.002592
 0.002592 0.002166 0.992650 0.002592
 0.597231 0.332057 0.068121 0.002592
 0.332367 0.266333 0.002166 0.399134
 0.002592 0.002166 0.728483 0.266760
 0.068547 0.002166 0.926695 0.002592

MOTIF 31-AATAAAATTTC STREME-31
letter-probability matrix: alength= 4 w= 11 nsites= 12 E= 4.0e+001
 0.909066 0.084998 0.002702 0.003234
 0.991361 0.002702 0.002702 0.003234
 0.085530 0.002702 0.002702 0.909066
 0.991361 0.002702 0.002702 0.003234
 0.826770 0.084998 0.002702 0.085530
 0.662034 0.002702 0.167438 0.167826
 0.826770 0.002702 0.167294 0.003234
 0.250266 0.002702 0.002702 0.744330
 0.085530 0.002702 0.002702 0.909066
 0.085530 0.167294 0.002702 0.744474
 0.003234 0.990829 0.002702 0.003234

MOTIF 32-GACAAAGATC STREME-32
letter-probability matrix: alength= 4 w= 10 nsites= 12 E= 4.0e+001
 0.167532 0.002695 0.826547 0.003226
 0.991384 0.002695 0.002695 0.003226
 0.003226 0.908772 0.002695 0.085307
 0.991384 0.002695 0.002695 0.003226
 0.909303 0.084776 0.002695 0.003226
 0.991384 0.002695 0.002695 0.003226
 0.085307 0.002695 0.908772 0.003226
 0.991384 0.002695 0.002695 0.003226
 0.003226 0.002695 0.002695 0.991384
 0.003226 0.990853 0.002695 0.003226

MOTIF 33-AACAAATTATT STREME-33
letter-probability matrix: alength= 4 w= 11 nsites= 15 E= 4.0e+001
 0.745926 0.063927 0.187715 0.002432
 0.993503 0.002032 0.002032 0.002432
 0.002432 0.993103 0.002032 0.002432
 0.931609 0.063927 0.002032 0.002432
 0.869714 0.002032 0.125821 0.002432
 0.993503 0.002032 0.002032 0.002432
 0.064327 0.063927 0.249718 0.622028
 0.064327 0.002032 0.187715 0.745926
 0.684031 0.125821 0.187715 0.002432
 0.002432 0.002032 0.002032 0.993503
 0.064327 0.002032 0.002032 0.931609

MOTIF 34-AATTTAAACG STREME-34
letter-probability matrix: alength= 4 w= 10 nsites= 10 E= 4.0e+001
 0.987122 0.004028 0.004028 0.004821
 0.864442 0.004028 0.126708 0.004821
 0.004821 0.126708 0.004028 0.864442
 0.250396 0.004028 0.004028 0.741547
 0.004821 0.004028 0.004028 0.987122
 0.864442 0.126708 0.004028 0.004821
 0.987122 0.004028 0.004028 0.004821
 0.987122 0.004028 0.004028 0.004821
 0.004821 0.986329 0.004028 0.004821
 0.004821 0.004028 0.986329 0.004821

MOTIF 35-AGGCGATGAA STREME-35
letter-probability matrix: alength= 4 w= 10 nsites= 10 E= 4.0e+001
 0.921908 0.002321 0.002321 0.073451
 0.073451 0.002321 0.921451 0.002777
 0.002777 0.002321 0.850777 0.144125
 0.002777 0.850777 0.072994 0.073451
 0.002777 0.002321 0.921451 0.073451
 0.851234 0.072994 0.072994 0.002777
 0.002777 0.214466 0.143792 0.638965
 0.002777 0.072994 0.921451 0.002777
 0.851234 0.002321 0.072994 0.073451
 0.709763 0.002321 0.072994 0.214923

MOTIF 36-CGAGAGCC STREME-36
letter-probability matrix: alength= 4 w= 8 nsites= 10 E= 4.0e+001
 0.024764 0.929782 0.020691 0.024764
 0.024764 0.020691 0.929782 0.024764
 0.933855 0.020691 0.020691 0.024764
 0.024764 0.020691 0.929782 0.024764
 0.933855 0.020691 0.020691 0.024764
 0.024764 0.020691 0.929782 0.024764
 0.024764 0.929782 0.020691 0.024764
 0.024764 0.929782 0.020691 0.024764

MOTIF 37-AATACTAACC STREME-37
letter-probability matrix: alength= 4 w= 10 nsites= 9 E= 4.0e+001
 0.845487 0.004592 0.004592 0.145330
 0.985321 0.004592 0.004592 0.005495
 0.005495 0.004592 0.004592 0.985321
 0.985321 0.004592 0.004592 0.005495
 0.145330 0.844583 0.004592 0.005495
 0.005495 0.004592 0.004592 0.985321
 0.985321 0.004592 0.004592 0.005495
 0.985321 0.004592 0.004592 0.005495
 0.005495 0.984418 0.004592 0.005495
 0.285410 0.704503 0.004592 0.005495

MOTIF 38-ACAATCTGT STREME-38
letter-probability matrix: alength= 4 w= 9 nsites= 9 E= 4.0e+001
 0.933855 0.020691 0.020691 0.024764
 0.024764 0.929782 0.020691 0.024764
 0.933855 0.020691 0.020691 0.024764
 0.933855 0.020691 0.020691 0.024764
 0.024764 0.020691 0.020691 0.933855
 0.024764 0.929782 0.020691 0.024764
 0.024764 0.020691 0.020691 0.933855
 0.024764 0.020691 0.929782 0.024764
 0.024764 0.020691 0.020691 0.933855

MOTIF 39-CCCCACG STREME-39
letter-probability matrix: alength= 4 w= 7 nsites= 9 E= 4.0e+001
 0.024764 0.929782 0.020691 0.024764
 0.024764 0.929782 0.020691 0.024764
 0.024764 0.929782 0.020691 0.024764
 0.024764 0.929782 0.020691 0.024764
 0.933855 0.020691 0.020691 0.024764
 0.024764 0.929782 0.020691 0.024764
 0.024764 0.020691 0.929782 0.024764

MOTIF 40-ATTATGGCTGM STREME-40
letter-probability matrix: alength= 4 w= 11 nsites= 8 E= 4.0e+001
 0.985314 0.004594 0.004594 0.005498
 0.005498 0.004594 0.004594 0.985314
 0.145402 0.004594 0.004594 0.845411
 0.985314 0.004594 0.004594 0.005498
 0.005498 0.004594 0.004594 0.985314
 0.005498 0.004594 0.984410 0.005498
 0.005498 0.004594 0.984410 0.005498
 0.145402 0.844506 0.004594 0.005498
 0.145402 0.004594 0.004594 0.845411
 0.145402 0.144497 0.704603 0.005498
 0.565358 0.284646 0.004594 0.145402

********************************************************************************
Stopped because maximum number of motifs (40) reached.
********************************************************************************
COMMAND:	streme --p /root/autodl-tmp/zwk/evosnr_0605/preprocessing/cache/promoters_memeKlebsiella aerogenes KCTC 2190_t.fasta --dna --minw 4 --maxw 12 --nmotifs 40 --oc /root/autodl-tmp/zwk/evosnr_0605/data/Kleb/motifs/streme/
********************************************************************************
CPU:		autodl-container-c9174bac52-67f5215a
********************************************************************************
FINALTIME:	17.60 seconds
********************************************************************************
